100 500
0 8
0 15
0 18
0 20
0 32
0 39
0 41
0 44
0 48
0 85
0 93
0 99
1 5
1 6
1 7
1 9
1 19
1 28
1 32
1 37
1 53
1 66
1 68
1 70
1 72
1 85
1 94
2 7
2 21
2 31
2 39
2 42
2 59
2 62
2 69
2 97
2 99
3 16
3 34
3 43
3 47
3 53
3 77
4 9
4 11
4 31
4 39
4 80
4 87
4 90
4 91
4 97
5 7
5 12
5 17
5 25
5 26
5 35
5 41
5 81
5 97
6 18
6 22
6 32
6 34
6 47
6 53
6 60
6 86
7 41
7 62
7 82
7 91
7 98
8 14
8 16
8 19
8 22
8 35
8 66
8 78
8 81
8 87
9 27
9 32
9 40
9 49
9 59
9 70
9 75
9 76
9 84
9 89
10 12
10 17
10 27
10 28
10 32
10 34
10 41
10 43
10 48
10 75
10 82
11 57
11 78
11 93
12 16
12 38
12 51
12 57
12 61
12 69
12 90
12 93
13 16
13 18
13 19
13 42
13 61
13 63
13 79
14 31
14 49
14 55
14 62
14 66
14 71
14 73
14 82
14 88
14 90
15 28
15 41
15 45
15 50
15 52
15 57
15 67
15 90
16 42
16 47
16 49
16 63
16 64
16 87
16 92
17 43
17 53
17 54
17 58
17 61
17 66
17 71
17 72
17 74
17 77
17 90
18 33
18 35
18 37
18 58
18 81
19 62
19 72
19 77
19 81
19 85
20 33
20 48
20 66
20 69
20 72
20 74
20 83
21 26
21 40
21 44
21 48
21 64
21 71
21 73
22 40
22 42
22 61
22 64
22 71
22 72
22 74
22 79
22 86
22 92
23 36
23 37
23 43
23 50
23 57
23 63
23 65
23 66
23 70
23 73
23 75
24 39
24 56
24 67
24 69
24 86
24 89
24 98
25 46
25 50
25 54
25 63
25 89
25 90
26 27
26 28
26 52
26 55
26 62
26 88
27 34
27 36
27 38
27 42
27 46
27 48
27 53
27 56
27 59
27 79
27 90
27 91
27 95
28 32
28 55
28 58
28 96
29 51
29 56
29 60
29 83
30 52
30 55
30 77
30 87
30 91
30 99
31 40
31 41
31 48
31 51
31 53
31 54
32 47
32 82
32 89
32 96
33 39
33 56
33 98
34 35
34 39
34 43
34 62
34 78
34 95
35 66
35 77
35 81
35 94
35 98
36 39
36 40
36 46
36 48
36 49
36 52
36 57
36 87
37 40
37 42
37 52
37 66
37 67
37 71
37 76
37 89
37 90
37 96
38 42
38 43
38 50
38 53
38 60
38 67
38 70
38 72
38 78
38 84
38 90
38 91
39 51
39 60
39 61
39 63
39 83
39 85
40 49
40 54
40 59
40 66
40 77
40 82
40 83
40 84
40 85
40 96
41 47
41 48
41 60
42 44
42 47
42 49
42 51
42 63
42 72
42 92
42 95
43 45
43 55
43 60
43 61
43 67
43 70
43 77
43 89
43 99
44 48
44 86
44 91
44 93
44 94
45 48
45 58
45 60
45 69
45 75
45 84
46 49
46 58
46 74
46 82
46 87
46 92
47 63
47 78
47 90
47 95
47 98
47 99
48 53
48 75
48 97
49 75
49 80
49 89
49 93
50 69
50 74
50 92
51 57
51 66
51 69
51 89
52 55
52 73
52 76
52 79
52 81
52 92
52 99
53 56
53 60
53 73
53 79
53 91
54 60
54 71
54 78
54 92
54 96
55 56
55 57
55 62
55 65
55 88
56 73
56 86
56 87
57 59
57 68
57 69
57 72
57 78
57 88
57 90
57 99
58 59
58 72
58 79
58 86
58 88
59 61
59 72
59 82
60 63
60 73
60 77
61 66
61 70
61 92
62 69
62 77
62 86
63 71
63 72
63 75
63 84
63 95
64 94
65 71
65 74
65 80
65 83
65 95
65 96
67 78
68 69
68 80
68 81
68 85
68 89
68 98
69 73
69 74
69 77
69 79
69 96
69 97
70 77
70 79
70 84
70 91
70 98
71 75
71 90
71 96
72 99
73 83
74 75
74 82
74 84
74 87
74 94
76 78
76 86
77 90
77 93
78 84
78 90
80 84
80 87
81 91
82 83
82 87
82 92
82 98
83 91
83 93
83 94
84 90
84 91
84 94
84 97
84 98
85 95
86 95
87 99
88 90
88 91
88 99
91 96
92 96
92 99
93 97
93 99
94 98
96 98
