100 500
0 4
0 5
0 10
0 36
0 50
0 52
0 72
0 84
0 92
1 12
1 15
1 42
1 55
1 63
1 93
2 13
2 28
2 29
2 31
2 34
2 52
2 59
2 63
2 68
2 79
2 92
3 4
3 16
3 19
3 23
3 45
3 50
3 57
3 61
3 71
3 72
3 73
3 78
3 82
4 10
4 11
4 12
4 23
4 31
4 34
4 46
4 62
4 65
4 72
4 80
4 85
4 91
5 7
5 20
5 30
5 32
5 37
5 50
5 52
5 66
5 70
5 82
5 83
6 14
6 58
6 61
6 64
6 70
6 83
6 88
6 98
7 32
7 61
7 70
7 72
8 16
8 47
8 52
8 55
8 70
8 91
9 10
9 32
9 71
9 77
9 81
9 89
9 97
9 98
10 16
10 38
10 45
10 65
10 78
10 82
10 93
10 95
11 39
11 45
11 48
11 66
11 83
11 91
12 15
12 28
12 36
12 54
12 57
12 58
12 72
12 92
13 15
13 24
13 27
13 45
13 50
13 62
13 76
13 79
14 17
14 19
14 20
14 21
14 34
14 60
14 66
14 69
14 70
14 76
14 81
14 89
14 93
14 98
15 31
15 35
15 48
15 65
15 68
15 71
15 81
15 82
15 83
16 19
16 26
16 34
16 38
16 42
16 47
16 64
16 73
16 88
17 20
17 30
17 40
17 41
17 44
17 55
17 79
17 83
17 87
17 91
18 19
18 36
18 38
18 39
18 45
18 63
18 76
18 82
18 95
18 97
19 44
19 47
19 55
19 56
19 68
19 88
20 24
20 34
20 37
20 52
20 62
20 71
20 86
21 22
21 33
21 34
21 55
21 62
21 71
21 72
21 74
21 76
21 80
21 81
21 86
21 91
21 95
22 23
22 24
22 26
22 37
22 50
22 82
22 84
22 97
23 25
23 30
23 54
23 76
23 85
23 86
23 89
24 55
24 63
24 65
24 78
25 52
25 75
25 89
26 38
26 39
26 60
26 62
26 74
26 96
26 99
27 33
27 37
27 44
27 59
27 61
27 69
27 74
27 75
27 77
27 78
27 90
27 92
28 38
28 41
28 42
28 74
28 89
29 33
29 35
29 55
29 67
29 83
29 89
29 96
30 42
30 43
30 44
30 68
30 69
30 72
30 83
30 86
30 98
31 46
31 58
31 61
31 66
31 68
31 73
31 82
31 87
31 99
32 44
32 45
32 50
32 65
32 78
32 96
33 48
33 51
33 88
33 97
34 60
34 77
34 81
34 89
34 94
35 41
35 45
35 47
35 56
35 58
35 65
35 75
35 84
36 45
36 52
36 71
37 58
37 69
37 70
37 77
37 92
37 97
37 99
38 47
38 52
38 53
38 79
39 40
39 46
39 49
39 51
39 91
40 42
40 59
40 61
40 66
40 75
40 96
41 43
41 45
41 46
41 59
41 60
41 65
41 73
41 79
41 83
41 88
41 93
42 43
42 45
42 54
42 69
42 70
43 88
43 90
43 98
44 46
44 57
44 58
44 59
44 60
44 63
44 67
44 72
44 73
44 75
44 78
44 79
44 82
45 46
45 79
45 91
45 98
46 94
47 58
47 59
47 66
47 73
47 75
47 77
47 78
47 81
47 96
48 63
48 74
48 89
49 74
49 75
49 83
49 86
50 52
50 57
50 67
50 77
50 78
50 93
50 95
51 77
52 53
52 61
52 68
52 69
52 71
52 74
52 82
52 83
52 89
52 90
52 91
52 92
52 94
53 62
53 63
53 68
53 69
53 85
53 93
53 98
53 99
54 57
54 63
54 69
54 88
55 56
55 71
55 87
55 89
55 91
56 84
56 93
56 96
57 67
57 80
58 59
58 76
58 82
58 91
59 72
59 76
59 84
59 95
60 62
60 65
60 71
60 78
61 75
61 86
61 91
62 63
62 69
62 72
62 78
62 99
63 64
63 71
63 86
63 89
63 92
64 80
64 86
64 92
65 68
65 71
65 82
65 90
66 71
66 85
66 94
67 90
68 76
69 73
69 80
69 90
69 93
70 71
70 79
70 84
71 75
71 81
72 77
72 91
73 74
73 78
73 79
73 84
73 99
74 80
74 82
74 83
74 89
74 92
75 96
76 87
77 80
78 80
78 81
78 99
79 96
79 98
80 92
82 89
82 97
82 99
83 85
84 99
85 89
85 93
87 88
88 89
88 97
89 93
89 94
89 98
91 95
91 96
91 99
92 97
93 94
93 97
93 98
