100 500
0 1
0 3
0 7
0 11
0 13
0 18
0 22
0 34
0 44
0 52
0 56
0 60
0 79
0 81
0 84
1 2
1 33
1 51
1 53
1 55
1 56
1 75
1 88
2 16
2 44
2 54
2 78
2 95
2 98
3 4
3 29
3 35
3 36
3 41
3 44
3 47
3 59
3 67
3 76
3 83
3 92
3 93
4 13
4 24
4 29
4 32
4 34
4 38
4 40
4 45
4 53
4 58
4 68
4 76
4 77
4 82
4 96
5 30
5 31
5 37
5 68
5 77
6 10
6 55
6 59
6 65
6 70
6 90
6 98
7 9
7 17
7 18
7 37
7 45
7 87
7 91
7 97
8 15
8 28
8 29
8 40
8 41
8 57
8 64
8 84
8 86
9 25
9 34
9 60
9 67
9 71
9 75
9 77
9 80
9 86
9 99
10 13
10 20
10 43
10 58
10 61
10 77
10 81
10 88
10 91
11 15
11 21
11 25
11 36
11 65
11 74
11 81
11 83
11 86
11 97
11 98
12 16
12 46
12 49
12 53
12 84
12 87
13 18
13 37
13 41
13 49
13 59
13 72
13 78
13 80
13 99
14 21
14 38
14 39
14 42
14 49
14 52
14 53
14 55
14 69
14 71
14 73
14 76
14 86
14 91
14 99
15 16
15 23
15 32
15 37
15 46
15 79
15 81
15 94
16 21
16 26
16 30
16 74
16 76
16 83
16 91
16 97
17 35
17 52
17 58
17 65
17 79
18 19
18 26
18 50
18 75
18 78
18 82
18 84
18 88
19 29
19 32
19 33
19 40
19 48
19 96
19 99
20 22
20 23
20 33
20 39
20 49
20 58
20 69
20 75
20 87
20 98
21 22
21 32
21 44
21 47
21 52
21 63
21 69
21 77
21 80
21 81
22 27
22 34
22 41
22 46
22 47
22 61
22 81
22 87
22 88
23 35
23 45
23 60
23 61
23 73
23 86
23 88
24 31
24 80
24 81
24 87
24 92
25 36
25 37
25 46
25 52
25 67
25 74
26 43
26 44
26 46
26 53
26 56
26 64
26 76
26 88
26 99
27 34
27 60
27 69
27 75
27 84
27 96
28 42
28 46
28 55
28 72
28 73
28 85
28 86
28 90
29 32
29 46
29 56
29 60
29 74
29 82
29 87
29 95
30 35
30 41
30 54
30 72
30 78
30 87
30 92
30 97
31 38
31 39
31 71
31 72
31 78
31 87
31 91
32 37
32 80
32 82
32 92
33 35
33 42
33 43
33 44
33 53
33 68
33 88
33 92
34 43
34 63
34 93
34 95
35 44
35 47
35 87
35 95
36 37
36 40
36 48
36 53
36 67
36 68
36 79
36 85
37 42
37 46
37 55
37 63
37 68
37 71
37 79
37 82
37 94
38 69
38 84
38 88
38 95
39 41
39 55
39 91
39 98
40 57
40 91
40 98
41 78
41 79
41 84
41 86
42 47
42 55
42 62
42 67
43 45
43 52
43 57
43 59
43 64
43 75
43 95
43 98
44 54
44 57
44 63
44 66
44 73
45 78
46 55
46 61
46 76
46 87
46 95
46 99
47 64
47 75
47 78
47 82
47 91
47 92
48 71
48 78
49 56
49 57
49 58
49 59
49 70
49 86
49 89
50 63
50 81
50 84
50 87
50 95
51 55
51 63
51 68
51 72
51 77
51 95
52 56
52 71
52 82
52 85
52 88
53 57
53 64
53 86
53 98
54 68
54 70
54 81
54 97
54 98
54 99
55 59
55 77
55 95
56 76
56 77
56 85
56 87
56 90
56 95
57 64
57 70
57 73
57 77
57 85
57 88
58 64
58 66
58 76
58 90
58 95
58 97
59 61
59 99
60 61
60 65
60 70
60 72
60 74
60 79
60 85
60 88
61 78
61 81
61 89
61 90
62 65
62 77
62 80
62 84
63 95
64 67
64 72
64 79
64 80
64 88
64 91
65 92
66 80
66 83
66 88
67 81
67 94
68 75
68 82
68 85
68 92
68 98
69 80
69 82
69 96
70 72
70 77
70 86
70 89
71 79
71 80
71 93
71 99
72 74
72 83
72 97
74 79
74 80
74 98
75 77
75 96
75 97
75 98
76 79
76 80
76 90
76 97
76 99
77 82
77 89
79 96
79 97
80 83
80 95
80 99
81 95
81 97
81 99
83 88
83 90
83 94
84 98
85 90
85 92
86 93
86 96
87 91
88 96
89 93
90 92
92 98
93 97
94 97
