100 500
0 16
0 22
0 60
0 65
0 80
0 93
1 5
1 39
1 40
1 50
1 64
2 14
2 19
2 40
2 44
2 49
2 56
2 76
2 84
2 94
2 96
3 9
3 29
3 36
3 63
3 72
3 77
3 94
4 18
4 20
4 28
4 42
4 43
4 46
4 52
4 62
4 76
4 83
4 92
5 19
5 21
5 24
5 31
5 38
5 62
6 23
6 32
6 47
6 57
6 71
6 82
6 85
6 86
6 94
6 97
7 10
7 27
7 51
7 56
7 57
7 61
7 65
7 87
7 94
8 12
8 16
8 32
8 33
8 34
8 51
8 64
8 68
8 69
8 84
9 10
9 16
9 35
9 36
9 42
9 59
9 61
9 65
9 67
9 71
9 77
9 86
10 17
10 21
10 27
10 34
10 35
10 47
10 52
10 55
10 68
10 82
10 86
10 94
10 95
11 18
11 22
11 23
11 28
11 34
11 47
11 51
11 80
11 82
12 13
12 24
12 31
12 37
12 40
12 50
12 71
12 82
12 86
12 88
13 21
13 23
13 27
13 37
13 39
13 53
13 54
13 55
13 60
13 66
13 68
13 69
13 74
13 75
13 87
13 89
14 59
14 63
14 79
14 89
14 94
14 95
15 20
15 26
15 27
15 33
15 51
15 81
15 89
15 94
16 42
16 81
16 91
17 27
17 36
17 37
17 38
17 41
17 44
17 46
17 49
17 53
17 55
17 74
17 91
17 92
17 97
18 26
18 41
18 49
18 55
18 56
18 58
18 62
18 67
18 72
18 83
18 86
18 99
19 36
19 81
19 90
19 92
20 32
20 96
21 28
21 32
21 49
21 51
21 57
21 63
21 66
21 68
21 81
21 85
22 31
22 49
22 50
22 55
22 57
22 96
22 97
22 98
23 28
23 31
23 51
23 54
23 63
23 71
23 78
23 86
23 92
24 31
24 32
24 47
24 50
24 52
24 57
24 70
24 74
24 86
24 90
25 30
25 31
25 41
25 46
25 61
25 67
25 73
25 80
25 89
25 95
26 31
26 41
26 45
26 63
26 68
26 74
26 77
26 88
26 91
26 98
27 33
27 38
27 42
27 51
27 58
27 75
27 80
27 97
27 99
28 32
28 33
28 38
28 41
28 52
28 77
28 80
28 94
29 36
29 50
29 66
29 80
29 83
30 32
30 39
30 40
30 65
30 67
30 72
30 73
30 74
30 78
30 80
30 97
30 99
31 36
31 38
31 46
31 55
31 59
31 70
31 72
31 83
32 45
32 46
32 61
32 71
32 73
32 74
32 90
32 99
33 35
33 47
33 66
33 75
33 82
33 84
33 98
34 35
34 41
34 54
34 66
34 76
34 83
34 86
35 41
35 58
35 63
35 65
35 66
35 91
35 92
35 97
36 50
36 53
36 57
36 61
36 77
36 80
36 87
36 90
36 99
37 44
37 87
38 41
38 44
38 45
38 66
38 83
38 87
39 50
39 51
39 52
39 63
39 65
39 72
39 75
39 78
39 82
39 93
39 99
40 52
40 61
40 71
40 81
40 94
41 50
41 54
41 63
41 80
42 55
42 61
42 73
42 97
43 72
43 73
44 61
44 83
45 61
45 71
45 80
45 90
45 94
45 98
45 99
46 74
46 76
46 79
46 96
47 48
47 62
47 67
47 74
47 96
47 98
48 59
48 71
48 74
48 84
48 87
48 88
48 97
49 54
49 73
50 54
50 64
50 73
50 80
50 89
51 74
51 92
52 56
52 79
52 92
53 56
53 67
53 80
53 93
53 96
53 98
54 56
54 57
54 58
54 61
54 65
54 74
54 80
54 87
54 90
54 95
55 62
55 96
56 89
57 58
57 72
57 80
57 94
58 67
58 80
59 60
59 62
59 81
59 96
60 65
61 64
61 68
61 69
61 81
61 90
62 83
62 92
63 76
63 87
64 65
64 68
64 71
64 73
64 90
65 68
65 74
65 76
65 96
66 73
66 75
66 82
66 85
66 89
66 92
67 71
68 74
69 79
69 88
69 92
69 94
69 99
70 87
71 83
71 87
71 95
72 84
72 86
72 93
72 98
72 99
73 82
73 92
73 98
74 84
74 88
74 93
75 78
75 82
75 83
75 89
75 90
76 77
76 78
76 79
76 95
77 86
78 80
78 84
78 93
78 99
79 99
80 87
80 88
80 89
80 98
81 87
82 87
82 89
83 88
86 89
86 90
86 94
88 89
88 91
89 91
96 98
97 99
