100 500
0 8
0 25
0 51
0 62
0 71
0 80
0 86
0 92
0 93
1 8
1 22
1 24
1 43
1 57
1 61
1 73
1 90
1 99
2 5
2 22
2 31
2 41
2 42
2 81
2 85
3 5
3 15
3 31
3 42
3 48
3 52
3 62
3 72
3 88
3 95
3 96
3 98
4 6
4 9
4 13
4 25
4 35
4 51
4 79
4 86
5 9
5 14
5 16
5 25
5 62
5 90
5 93
6 7
6 16
6 19
6 31
6 49
6 66
6 81
6 87
7 37
7 45
7 46
7 52
7 54
7 63
7 73
7 92
8 14
8 29
8 32
8 38
8 50
8 53
8 59
8 69
8 73
8 81
8 84
8 85
8 90
9 10
9 17
9 23
9 34
9 54
9 69
9 74
9 89
9 97
9 99
10 15
10 23
10 24
10 50
10 56
10 70
10 75
10 79
10 82
10 84
11 18
11 23
11 28
11 44
11 46
11 59
11 76
12 15
12 25
12 30
12 37
12 43
12 51
12 61
12 62
12 69
12 70
12 87
12 99
13 26
13 31
13 66
13 73
13 79
13 97
14 15
14 18
14 24
14 41
14 44
14 50
14 52
14 61
14 64
14 66
14 86
15 17
15 27
15 31
15 42
15 43
15 46
15 84
15 93
15 99
16 19
16 27
16 33
16 36
16 75
16 76
16 80
16 88
17 26
17 32
17 33
17 37
17 39
17 47
17 60
17 65
17 68
17 77
17 96
18 26
18 28
18 47
18 48
18 50
18 57
18 69
18 76
18 80
18 81
18 91
19 26
19 39
19 52
19 66
19 72
19 75
19 79
19 81
20 22
20 25
20 32
20 49
21 37
21 68
21 71
21 91
21 95
21 96
22 43
22 52
22 59
22 78
22 94
23 24
23 29
23 32
23 37
23 76
23 90
24 34
24 38
24 46
24 49
24 59
24 78
25 47
25 50
25 53
25 59
25 69
25 85
26 31
26 40
26 77
26 88
26 95
26 96
27 51
27 56
27 66
27 71
27 88
27 89
27 90
28 35
28 52
28 56
28 71
28 95
29 51
29 52
29 58
29 65
29 73
30 55
30 62
30 66
30 68
30 70
30 79
30 89
30 91
30 96
31 37
31 49
31 71
31 76
32 88
33 38
33 41
33 45
33 61
33 68
33 69
33 77
33 83
33 88
33 90
34 50
34 61
34 63
34 64
34 68
34 76
34 78
34 84
34 89
35 43
35 53
35 60
35 80
36 49
36 55
36 56
36 83
37 40
37 49
37 51
37 75
37 76
37 79
37 86
37 94
37 99
38 58
39 46
39 64
39 69
39 75
39 94
40 49
40 56
40 59
40 80
40 91
40 96
41 48
41 49
41 50
41 60
41 62
41 69
41 72
41 73
41 75
41 78
41 97
42 62
42 66
42 72
42 83
42 88
42 89
42 99
43 47
43 51
43 53
43 59
43 60
43 72
43 75
43 82
43 89
43 91
43 94
44 49
44 58
44 73
44 79
44 93
44 94
44 96
45 69
45 72
45 73
45 79
45 85
45 87
45 89
46 51
46 57
46 59
46 61
46 74
46 86
46 87
46 93
47 50
47 51
47 58
47 67
47 78
47 84
47 92
48 50
48 51
48 57
48 59
48 63
48 71
48 80
48 83
48 91
48 96
48 98
49 61
49 67
49 78
49 82
49 86
49 95
50 54
50 70
50 76
50 92
51 53
51 55
51 65
51 71
51 76
51 77
51 86
51 98
52 63
52 64
52 67
52 82
53 64
53 72
53 76
53 80
53 96
53 99
55 71
55 80
55 81
55 85
55 88
55 89
55 99
56 66
56 79
56 90
57 71
57 89
57 94
57 98
58 80
59 61
59 63
59 94
60 81
60 84
60 85
60 98
60 99
61 78
61 85
61 96
62 71
62 73
62 76
62 77
62 82
63 65
63 75
63 76
63 92
64 67
64 68
64 71
64 72
64 81
64 84
64 97
65 68
65 72
66 87
66 93
67 71
67 77
67 84
67 97
68 82
68 83
69 75
69 79
70 86
70 93
70 94
70 98
71 73
71 75
71 86
71 91
71 99
72 78
72 93
73 77
73 87
74 76
74 89
75 76
75 91
76 78
76 89
76 91
77 92
78 82
78 83
78 91
78 92
80 81
80 83
80 95
81 91
83 87
83 97
84 98
85 86
85 88
85 89
85 90
86 91
88 90
88 91
88 99
89 97
90 96
90 97
91 93
92 95
92 98
97 99
