100 500
0 4
0 6
0 12
0 22
0 30
0 33
0 40
0 55
0 63
0 69
0 77
0 85
1 21
1 31
1 39
1 71
1 77
1 82
1 96
2 5
2 6
2 19
2 22
2 69
2 77
2 80
2 95
3 21
3 29
3 40
3 63
3 68
3 69
3 75
3 88
3 93
3 97
4 17
4 21
4 27
4 41
4 42
4 43
4 50
4 61
4 66
4 89
4 94
5 13
5 16
5 48
5 70
5 77
5 89
6 9
6 18
6 21
6 31
6 56
6 68
6 98
7 9
7 13
7 34
7 59
7 85
7 93
8 21
8 26
8 42
8 56
8 58
8 65
8 66
8 68
8 71
8 73
8 85
9 31
9 39
9 73
9 76
9 92
10 23
10 27
10 29
10 31
10 37
10 44
10 48
10 55
10 56
10 67
10 87
10 96
11 21
11 31
11 58
11 68
11 72
11 76
11 79
11 80
11 91
12 22
12 37
12 40
12 42
12 56
12 57
12 71
12 82
12 83
12 84
12 87
12 99
13 26
13 43
13 57
13 58
13 71
13 80
13 95
14 21
14 23
14 34
14 35
14 46
14 73
14 91
15 22
15 31
15 38
15 39
15 46
15 50
15 56
15 64
15 97
16 18
16 26
16 27
16 32
16 46
16 48
16 72
16 80
16 83
16 84
16 97
17 22
17 24
17 25
17 30
17 36
17 50
17 55
17 57
17 62
17 88
18 29
18 44
18 69
18 95
18 99
19 20
19 21
19 32
19 36
19 46
19 56
19 68
19 69
19 81
19 82
19 89
19 92
19 94
20 22
20 24
20 32
20 68
20 77
20 91
20 94
20 99
21 38
21 40
21 48
21 64
21 73
21 75
21 79
21 80
21 85
21 87
21 94
22 25
22 29
22 41
22 42
22 46
22 51
22 57
22 62
22 63
22 64
22 79
22 88
23 32
23 43
23 46
23 49
23 51
23 53
23 59
23 80
23 89
23 90
23 95
23 96
23 99
24 29
24 53
24 86
24 99
25 57
25 65
25 71
26 40
26 42
26 55
26 56
26 57
26 58
26 60
26 69
26 73
26 78
26 84
26 90
26 98
27 28
27 37
27 44
27 50
27 55
27 62
27 64
27 68
27 70
27 71
27 72
27 80
27 99
28 36
28 41
28 65
28 66
28 70
28 72
28 83
28 96
29 40
29 47
29 50
29 58
29 62
29 70
29 85
29 86
30 43
30 50
30 57
30 70
30 75
30 77
30 82
31 33
31 36
31 43
31 55
31 69
31 80
31 82
31 92
31 94
32 33
32 39
32 47
32 63
32 65
32 67
32 71
32 78
32 91
32 92
33 47
33 53
33 64
33 75
33 84
33 97
33 98
34 38
34 41
34 43
34 70
34 74
34 84
34 96
35 36
35 42
35 53
35 93
36 38
36 40
36 47
36 50
36 59
36 71
36 73
36 95
37 71
37 73
37 86
38 42
38 45
38 46
38 51
38 58
38 62
38 65
38 74
38 75
38 81
38 91
39 52
39 59
39 68
39 95
40 45
40 47
40 49
40 55
40 59
40 76
40 83
40 89
42 76
42 97
42 98
43 48
43 55
43 70
43 71
43 75
43 80
43 84
43 88
44 54
44 57
44 82
44 93
45 54
45 69
45 84
45 98
46 74
46 99
47 55
47 57
47 62
47 64
47 68
47 72
47 75
47 98
48 51
48 54
48 60
48 82
48 83
48 84
48 88
49 50
49 57
49 58
49 67
49 76
49 77
50 67
50 81
51 70
51 82
51 87
51 91
52 58
52 65
52 71
52 90
52 91
52 95
53 70
53 75
53 87
54 64
54 70
54 72
54 74
54 78
54 79
54 81
54 87
54 90
55 65
55 67
56 62
56 63
56 79
56 80
56 82
56 89
57 69
57 84
57 87
58 65
58 99
59 66
59 96
60 74
60 81
60 94
60 96
60 99
61 63
61 67
61 74
61 92
61 93
62 72
63 71
63 86
64 71
64 76
65 78
65 95
66 70
66 86
66 97
67 73
67 85
67 90
67 94
68 87
68 91
68 93
69 70
69 76
69 88
70 75
70 78
71 73
71 81
71 83
71 90
71 97
72 92
72 98
73 78
73 81
73 92
74 87
75 79
75 83
75 88
75 97
77 82
77 91
77 92
78 81
78 83
80 86
80 91
80 94
81 82
81 84
81 90
82 83
84 89
84 98
85 89
85 91
86 87
86 91
87 96
88 89
89 93
92 93
93 94
