100 500
0 4
0 33
0 34
0 36
0 37
0 48
0 70
1 7
1 18
1 22
1 33
1 36
1 38
1 49
1 65
1 72
1 85
1 97
2 14
2 17
2 34
2 36
2 58
2 61
2 75
2 94
3 31
3 36
3 50
3 53
3 68
3 72
3 82
4 11
4 12
4 19
4 20
4 24
4 45
4 54
4 56
4 59
4 84
4 89
5 14
5 27
5 35
5 41
5 45
5 51
5 54
5 55
5 62
5 65
5 68
5 84
6 18
6 25
6 30
6 34
6 40
6 65
6 75
6 80
6 81
7 8
7 12
7 18
7 25
7 27
7 33
7 53
7 54
7 96
7 99
8 9
8 15
8 19
8 27
8 40
8 54
8 65
8 79
8 89
8 92
9 11
9 12
9 19
9 23
9 24
9 32
9 35
9 42
9 44
9 64
9 82
9 83
9 84
10 24
10 28
10 46
10 67
10 69
10 83
10 89
10 97
11 12
11 20
11 28
11 30
11 32
11 38
11 39
11 59
11 75
11 76
11 77
11 99
12 14
12 35
12 39
12 41
12 68
12 69
12 74
12 78
12 81
12 82
13 41
13 52
13 64
13 66
13 73
13 77
13 78
13 92
14 32
14 36
14 38
14 45
14 53
14 62
14 64
14 79
14 80
14 81
14 99
15 24
15 33
15 52
15 72
15 83
15 87
15 90
15 91
15 92
16 20
16 31
16 39
16 47
16 52
16 75
16 77
16 80
16 98
17 23
17 26
17 44
17 47
17 49
17 74
17 82
17 94
18 27
18 31
18 38
18 43
18 45
18 57
18 75
18 85
19 35
19 42
19 45
19 46
19 49
19 55
19 61
19 62
19 93
20 36
20 37
20 41
20 56
20 61
20 66
20 74
20 82
20 93
20 96
20 98
21 22
21 25
21 37
21 49
21 50
21 56
21 70
21 72
21 73
21 77
21 78
21 93
22 52
22 63
22 76
22 94
22 99
23 40
23 46
23 59
23 77
23 85
23 90
23 91
23 95
24 29
24 61
24 78
24 86
24 96
24 98
25 32
25 35
25 54
25 55
25 63
25 82
25 92
25 93
25 98
26 28
26 29
26 33
26 37
26 41
26 45
26 51
26 56
26 77
26 78
26 84
26 85
26 95
26 99
27 39
27 42
27 48
27 49
27 53
27 56
27 86
27 88
28 33
28 43
28 47
28 53
28 65
28 67
28 73
29 47
29 56
29 59
29 72
29 85
29 89
29 93
29 95
29 99
30 52
30 54
30 58
30 78
30 99
31 55
31 63
31 72
31 82
32 37
32 43
32 47
32 49
32 66
32 81
33 66
33 77
33 99
34 36
34 39
34 44
34 49
34 51
34 71
34 84
34 88
34 92
35 61
35 82
36 39
36 41
36 45
36 48
36 64
36 68
36 69
36 95
36 98
37 39
37 56
37 61
37 75
37 95
38 50
38 59
38 70
38 73
38 86
38 87
38 90
39 40
39 41
39 44
39 79
39 83
39 94
39 95
40 43
40 50
40 59
40 85
41 47
41 53
41 58
41 60
41 61
41 79
41 81
41 82
41 84
41 89
42 55
42 66
42 75
43 62
43 94
44 97
45 61
45 65
45 68
45 83
45 88
45 93
46 49
46 96
47 52
47 67
47 69
47 80
47 85
47 86
47 92
47 98
47 99
48 75
48 76
48 79
49 55
49 96
49 99
50 71
50 74
50 75
50 86
51 55
51 56
51 60
51 81
51 83
51 86
52 53
52 67
52 70
52 78
52 84
53 65
53 89
54 56
54 90
55 61
55 71
55 74
55 83
55 86
56 59
56 66
57 75
57 90
58 63
58 71
58 95
59 77
60 61
60 62
60 67
61 83
61 90
62 64
63 67
63 73
63 78
63 84
64 74
64 78
65 88
65 91
66 70
66 74
66 84
66 95
67 69
67 88
68 71
68 83
68 93
68 94
69 72
69 76
69 82
69 90
69 91
69 94
70 84
70 85
70 87
71 77
71 78
71 83
71 91
71 96
72 79
72 80
72 84
72 85
72 95
72 97
72 99
73 86
73 92
73 93
74 86
74 87
74 92
74 96
74 98
75 95
75 97
76 81
76 89
76 90
76 97
77 89
77 93
77 95
77 96
78 88
78 92
79 83
79 87
80 83
80 87
80 97
81 82
82 86
82 96
82 99
83 87
83 88
83 98
84 87
84 92
84 96
85 96
85 99
86 94
86 97
90 94
90 95
91 97
93 98
97 98
