100 500
0 2
0 9
0 16
0 19
0 51
0 63
0 64
0 83
0 84
0 89
0 97
1 11
1 17
1 27
1 30
1 33
1 45
1 47
1 48
1 54
1 64
1 77
1 87
1 88
1 89
1 97
1 98
1 99
2 6
2 16
2 18
2 25
2 28
2 34
2 35
2 48
2 53
2 56
2 76
2 96
2 97
3 15
3 17
3 39
3 51
3 61
3 63
3 69
3 85
3 86
4 8
4 15
4 19
4 58
4 62
4 84
4 85
4 93
4 99
5 7
5 9
5 27
5 38
5 43
5 73
5 88
5 91
6 8
6 11
6 14
6 18
6 23
6 25
6 41
6 59
6 62
6 70
6 73
6 79
6 82
6 99
7 14
7 17
7 22
7 24
7 38
7 40
7 42
7 46
7 51
7 60
7 64
7 69
7 77
7 88
8 17
8 20
8 37
8 45
8 62
8 63
8 78
8 91
9 12
9 21
9 25
9 29
9 31
9 34
9 37
9 38
9 54
9 65
9 73
9 84
9 85
9 90
9 95
9 97
10 12
10 31
10 34
10 52
10 70
10 72
10 79
10 83
10 87
10 89
10 92
10 94
11 12
11 13
11 15
11 19
11 29
11 49
11 63
12 22
12 27
12 48
12 50
12 62
12 66
12 80
12 89
12 95
13 59
13 65
13 81
13 93
14 17
14 31
14 39
14 45
14 48
14 60
14 69
14 73
14 77
14 99
15 17
15 19
15 41
15 53
15 74
15 96
16 27
16 29
16 36
16 49
16 56
16 83
16 86
17 26
17 28
17 29
17 48
17 52
17 90
17 97
18 20
18 21
18 26
18 29
18 32
18 60
18 77
18 83
18 89
19 21
19 28
19 37
19 45
19 51
19 54
19 63
19 65
19 97
20 24
20 25
20 37
20 68
20 77
20 86
20 95
21 30
21 37
21 42
21 84
22 34
22 44
22 47
22 51
22 55
22 63
22 74
22 82
22 85
23 33
23 50
23 55
23 58
23 74
23 80
23 82
23 87
23 92
23 93
23 99
24 41
24 54
24 61
24 85
24 88
25 29
25 39
25 42
25 50
25 55
25 71
25 75
25 83
25 91
26 35
26 68
26 80
27 31
27 36
27 40
27 41
27 42
27 71
27 87
28 33
28 72
28 75
28 76
28 83
28 94
29 35
29 38
29 62
29 64
29 65
29 73
29 85
29 97
30 61
31 35
31 39
31 40
31 46
31 52
31 57
31 66
31 77
31 89
31 93
31 94
32 41
32 45
32 51
32 62
32 78
32 80
32 81
32 89
33 36
33 43
33 49
33 51
33 78
33 81
33 84
33 86
33 89
33 94
33 95
34 41
34 47
34 51
34 86
34 98
35 53
35 60
35 87
35 97
35 98
36 44
36 45
36 53
36 59
36 63
36 84
36 85
36 88
37 53
37 67
37 69
37 78
37 80
38 42
38 43
38 53
38 61
38 69
38 86
38 90
39 42
39 43
39 49
39 59
39 65
39 79
40 51
40 57
40 64
40 87
40 93
41 45
41 64
41 65
41 70
41 72
41 76
41 88
41 91
42 47
42 50
42 54
42 58
42 71
42 75
42 78
42 83
42 98
43 46
43 59
43 76
43 79
43 84
44 81
45 46
45 53
45 55
45 57
45 60
45 72
45 88
45 94
45 98
46 55
46 77
46 82
46 84
46 90
47 68
47 88
48 67
48 68
48 79
48 84
48 97
49 68
49 79
50 52
50 53
50 63
50 65
50 66
50 97
51 57
51 58
51 61
51 68
51 92
51 97
52 74
52 76
52 82
52 94
53 54
53 55
53 79
54 70
54 81
54 96
55 83
55 92
56 66
56 67
56 70
56 83
56 86
56 87
56 94
56 98
57 88
57 90
57 94
57 96
58 60
58 65
58 73
58 74
58 90
58 91
58 94
59 69
59 86
60 72
60 89
60 93
60 95
60 99
61 64
61 70
61 71
61 80
61 87
62 82
63 69
63 72
64 65
64 95
64 96
65 82
65 85
65 90
66 78
67 80
68 72
68 85
69 89
70 83
70 85
70 92
71 95
72 74
72 79
72 85
72 89
72 92
72 94
73 80
73 84
73 93
75 76
76 80
76 84
76 98
76 99
77 83
77 90
77 91
78 89
79 87
80 85
80 87
81 88
82 86
82 89
82 93
83 93
83 97
85 96
86 95
86 98
87 90
87 92
87 99
88 92
88 93
88 97
89 97
90 95
91 93
93 99
94 97
