100 500
0 31
0 41
0 42
0 43
0 44
0 50
0 52
0 53
0 54
0 58
0 69
0 87
0 92
0 98
1 14
1 22
1 33
1 34
1 61
1 78
1 91
2 5
2 21
2 39
2 42
2 57
2 62
2 66
2 75
2 88
2 92
3 4
3 5
3 11
3 13
3 30
3 33
3 51
3 66
3 74
3 76
3 81
3 91
4 14
4 15
4 22
4 33
4 43
4 46
4 49
4 68
4 77
4 78
4 82
4 88
4 89
5 13
5 20
5 27
5 43
5 53
5 54
5 55
5 67
5 72
5 77
5 86
5 91
5 96
6 8
6 45
6 55
6 62
6 68
6 82
6 83
6 86
6 87
6 89
6 95
7 10
7 11
7 12
7 23
7 31
7 36
7 39
7 40
7 43
7 45
7 55
7 66
7 72
7 90
8 15
8 27
8 32
8 37
8 39
8 44
8 47
8 63
8 78
8 80
8 86
8 90
8 91
8 93
8 96
8 97
9 12
9 28
9 37
9 38
9 58
9 60
9 70
9 92
10 13
10 18
10 20
10 23
10 25
10 31
10 48
10 50
10 54
10 86
11 46
11 52
11 57
11 66
11 86
11 94
11 95
12 35
12 46
12 52
12 73
12 93
12 96
13 16
13 26
13 32
13 41
13 42
13 57
13 58
13 64
13 66
13 92
13 95
13 96
14 23
14 32
14 35
14 37
14 50
14 55
14 62
14 67
14 74
14 80
14 89
14 96
14 98
15 19
15 25
15 30
15 31
15 33
15 41
15 51
15 62
15 66
15 69
15 80
15 94
16 30
16 38
16 64
16 66
16 69
16 70
16 71
16 78
16 81
16 91
16 97
16 99
17 47
17 65
17 79
17 82
17 92
18 23
18 38
18 41
18 45
18 62
18 69
18 83
19 20
19 36
19 48
19 49
19 57
19 62
19 67
19 78
19 87
19 90
19 95
19 97
20 23
20 37
20 51
20 65
20 67
21 54
21 59
21 61
21 63
21 74
21 79
21 85
21 87
22 23
22 29
22 40
22 55
22 61
22 71
22 74
22 87
22 90
23 29
23 34
23 42
23 49
23 68
23 74
23 81
23 86
23 88
24 33
24 35
24 68
24 71
24 77
24 78
25 30
25 40
25 49
26 28
26 34
26 56
26 59
26 79
26 91
27 30
27 32
27 36
27 43
27 58
27 76
27 90
28 67
28 76
28 87
29 50
29 78
29 81
29 93
30 45
30 81
31 37
31 38
31 70
31 75
31 91
31 97
31 99
32 41
32 53
32 56
32 70
32 75
32 78
32 82
33 40
33 62
33 77
33 83
33 87
33 95
34 52
34 55
34 66
34 68
34 83
35 39
35 49
35 69
35 70
35 79
35 84
35 89
36 60
36 64
36 68
37 56
37 59
37 65
37 66
37 82
37 90
38 44
38 47
38 50
38 51
38 56
38 62
38 86
39 47
39 53
39 58
39 59
39 63
39 64
39 70
39 89
39 98
40 45
40 64
40 66
41 49
41 54
41 55
41 56
41 67
41 68
41 69
41 91
41 94
41 96
42 43
42 50
42 67
42 73
42 87
42 90
43 46
43 49
43 74
43 90
43 91
43 97
44 46
44 61
44 74
44 77
44 83
44 85
44 97
44 98
45 49
45 62
45 70
45 91
45 94
46 94
46 95
47 52
47 66
47 67
48 49
48 56
48 63
48 83
48 90
48 93
48 95
49 54
49 96
50 55
50 65
50 72
50 74
50 77
50 98
51 75
52 56
52 76
52 81
52 88
52 98
53 66
53 74
53 75
53 89
54 56
54 63
54 65
54 71
54 73
54 76
54 85
55 64
55 72
55 73
55 85
56 68
56 74
56 75
56 82
57 58
57 64
57 81
57 94
58 64
58 72
58 78
58 89
59 70
59 74
59 86
59 87
60 76
60 78
60 79
60 89
60 98
61 76
62 77
62 80
62 81
63 70
63 72
63 74
63 75
63 91
64 79
65 71
65 76
65 81
66 68
66 81
67 85
67 98
68 86
68 88
68 93
68 94
70 75
70 84
70 96
71 74
71 79
71 80
71 91
71 97
71 99
72 76
72 78
72 99
73 94
73 98
75 85
75 97
75 98
76 85
76 96
77 84
77 87
78 87
78 90
78 94
79 94
80 88
80 94
81 84
82 97
83 97
84 87
84 90
84 97
85 88
86 88
86 96
87 88
87 91
88 90
88 93
88 95
88 96
89 96
91 92
94 97
96 97
