100 500
0 4
0 11
0 15
0 17
0 31
0 35
0 39
0 48
0 70
0 79
0 81
0 86
0 88
1 16
1 17
1 18
1 42
1 71
1 84
1 95
1 97
1 98
2 22
2 26
2 63
2 70
2 82
2 85
2 94
2 99
3 20
3 25
3 29
3 32
3 38
3 42
3 49
3 56
3 57
3 61
3 63
3 66
3 91
4 18
4 33
4 43
4 56
4 73
4 84
4 93
5 9
5 16
5 20
5 22
5 24
5 34
5 39
5 64
5 70
5 87
5 97
6 15
6 21
6 30
6 38
6 39
6 45
6 57
6 58
6 64
6 69
6 84
6 88
7 17
7 29
7 38
7 49
7 54
7 82
7 84
7 94
8 11
8 13
8 14
8 24
8 27
8 35
8 37
8 61
8 66
8 69
8 77
9 11
9 13
9 24
9 29
9 33
9 38
9 41
9 63
9 75
9 88
10 15
10 16
10 17
10 20
10 28
10 32
10 43
10 47
10 59
10 65
10 84
10 89
11 22
11 28
11 46
11 55
11 73
11 84
11 92
11 94
12 18
12 30
12 34
12 36
12 45
12 47
12 59
13 14
13 16
13 18
13 36
13 48
13 55
13 60
13 71
13 76
13 79
14 19
14 20
14 22
14 27
14 35
14 70
14 74
14 75
14 79
14 83
14 86
14 96
15 16
15 26
15 45
15 56
15 65
15 76
15 78
15 79
15 83
15 88
15 92
15 95
15 96
15 97
16 17
16 19
16 24
16 26
16 44
16 45
16 53
16 59
16 81
16 91
17 20
17 22
17 32
17 40
17 47
17 48
17 57
17 71
17 79
17 90
17 96
18 23
18 38
18 43
18 51
18 53
18 87
18 88
18 89
19 21
19 30
19 41
19 42
19 50
19 55
19 56
19 81
20 34
20 59
20 67
20 77
20 83
20 86
20 89
21 23
21 29
21 32
21 42
21 56
21 60
21 64
21 88
21 89
22 75
23 32
23 64
23 73
23 77
23 89
23 98
24 29
24 31
24 32
24 43
24 47
24 54
24 59
24 66
24 71
24 73
24 78
24 81
24 85
24 95
25 32
25 42
25 45
25 61
25 78
26 31
26 42
26 44
26 55
26 60
26 66
26 84
27 33
27 37
27 47
27 53
27 54
27 67
27 93
28 36
28 54
28 63
28 96
29 35
29 39
29 48
29 56
29 60
29 61
29 71
29 83
29 86
30 39
30 45
30 50
30 53
30 62
30 77
30 79
30 88
31 37
31 68
31 76
31 77
31 85
31 89
31 93
32 34
32 40
32 57
32 71
32 73
32 78
32 99
33 35
33 42
33 43
33 49
33 68
33 93
34 36
34 42
34 69
34 87
35 55
35 69
35 72
35 77
35 78
35 92
36 52
36 53
36 81
37 41
37 58
37 61
37 70
37 71
37 76
37 89
37 95
38 42
38 52
38 72
38 77
38 80
38 82
38 87
38 96
38 97
39 48
39 63
39 68
39 91
39 95
39 97
40 51
40 55
40 59
40 80
40 84
40 88
40 97
41 63
41 72
41 95
42 44
42 55
42 63
42 68
42 73
43 47
43 52
43 64
43 65
43 77
43 80
44 59
44 74
44 75
44 89
44 93
45 66
45 72
45 82
46 47
46 48
46 54
46 56
46 66
46 69
46 74
46 75
46 76
46 95
47 62
47 73
47 83
47 90
47 98
48 56
48 57
48 61
48 80
48 89
49 52
49 59
49 67
49 74
49 75
49 80
49 84
49 95
50 51
50 62
50 70
51 61
51 77
51 82
51 97
51 99
52 58
52 68
52 80
52 91
52 97
52 99
53 60
53 79
53 80
54 69
54 82
55 56
55 82
55 90
56 63
56 72
56 73
56 97
57 58
57 96
58 70
58 71
58 78
58 81
59 83
59 84
60 78
60 81
60 87
60 98
61 79
61 96
62 89
62 95
63 68
63 90
63 99
64 68
64 69
64 75
64 87
64 96
65 73
65 80
65 84
65 87
65 88
65 96
66 77
66 84
66 91
67 71
67 79
67 85
67 94
68 71
68 73
68 90
69 82
69 84
69 88
70 79
70 80
70 97
70 98
72 79
72 96
73 79
73 85
73 92
74 92
75 78
75 81
75 83
76 80
76 82
76 91
77 98
78 80
78 82
78 90
79 84
79 94
79 97
80 86
81 88
82 89
82 93
82 96
83 92
83 99
84 90
85 94
85 98
86 89
86 97
87 95
89 99
91 94
91 98
