100 500
0 4
0 5
0 22
0 23
0 29
0 43
0 44
0 55
0 60
1 9
1 24
1 53
1 61
1 64
1 67
1 68
1 75
2 13
2 14
2 19
2 31
2 44
2 55
2 56
2 82
2 86
3 7
3 20
3 24
3 35
3 60
3 66
3 68
3 76
3 85
3 88
3 95
4 15
4 23
4 35
4 53
4 61
4 74
4 76
4 85
5 8
5 14
5 24
5 26
5 35
5 44
5 46
5 62
5 66
5 70
5 91
6 13
6 15
6 17
6 27
6 77
7 13
7 22
7 25
7 32
7 34
7 41
7 54
7 79
7 82
8 33
8 34
8 39
8 52
8 84
8 89
8 91
8 94
9 22
9 36
9 40
9 53
9 61
9 70
9 75
9 89
9 92
9 95
9 99
10 17
10 27
10 40
10 62
10 69
10 82
10 83
10 86
10 88
11 22
11 52
11 61
11 62
11 64
11 71
11 73
11 92
12 24
12 45
12 55
12 69
12 70
12 83
12 87
12 98
13 19
13 30
13 36
13 53
13 58
13 74
13 78
13 79
13 85
14 17
14 18
14 35
14 43
14 49
14 51
14 57
14 74
14 78
14 83
15 32
15 34
15 38
15 51
15 53
15 62
15 63
15 67
15 70
15 71
15 74
15 77
15 78
15 85
16 18
16 20
16 34
16 37
16 42
16 63
16 69
16 70
17 25
17 39
17 43
17 52
17 64
17 68
17 75
17 91
18 20
18 23
18 25
18 27
18 28
18 44
18 55
18 76
18 90
19 22
19 24
19 29
19 31
19 46
19 65
19 74
19 79
19 81
19 96
20 42
20 44
20 51
20 52
20 67
20 72
20 99
21 33
21 42
21 47
21 74
21 75
21 79
21 88
21 99
22 23
22 25
22 33
22 44
22 50
22 52
22 60
22 64
22 67
22 73
22 77
22 82
23 26
23 28
23 32
23 37
23 77
23 78
23 85
23 86
23 91
24 36
24 57
24 65
24 72
24 73
24 76
24 77
24 84
24 86
24 99
25 29
25 54
25 59
25 64
25 66
25 92
26 47
26 53
26 62
26 63
26 66
26 74
26 77
26 78
26 91
27 32
27 36
27 58
27 63
27 74
27 89
27 94
28 33
28 52
28 66
28 68
28 73
28 84
28 91
29 50
29 80
29 83
29 88
29 90
29 92
30 31
30 33
30 53
30 60
30 62
30 67
30 80
30 92
30 93
30 96
30 97
30 99
31 68
31 81
31 95
31 97
32 99
33 56
33 70
33 77
33 83
33 85
33 95
33 97
34 47
34 56
34 67
34 87
34 93
35 56
35 77
35 83
35 87
35 96
36 44
36 46
36 58
36 61
36 65
36 78
36 80
36 81
36 82
36 86
36 87
36 95
37 40
37 41
37 46
37 50
37 54
37 66
37 71
37 80
37 82
37 96
38 47
38 63
38 80
38 82
38 86
38 91
39 52
39 57
39 66
39 78
39 81
39 95
39 97
40 46
40 81
40 92
40 93
41 43
41 44
41 53
41 62
41 69
41 75
41 77
41 87
41 89
41 97
41 98
42 47
42 65
42 77
43 48
43 57
43 91
44 59
44 61
44 65
44 69
44 80
44 86
45 54
45 61
45 68
45 71
45 74
45 82
45 97
46 51
46 66
46 85
46 86
46 97
46 98
47 59
47 61
47 62
47 68
47 77
48 61
48 64
48 66
49 57
49 61
49 62
49 64
49 65
49 69
49 91
50 66
50 74
50 77
50 80
51 52
51 57
51 70
51 81
51 92
51 94
52 69
52 94
53 54
53 57
53 71
53 86
53 93
54 65
54 67
54 70
54 80
54 87
54 90
54 93
54 99
55 61
55 83
55 87
56 58
56 75
56 87
56 91
57 62
57 64
57 89
57 91
57 92
58 82
58 92
59 67
59 92
59 97
59 99
60 65
60 66
60 71
60 99
61 64
61 83
61 92
62 68
62 84
62 89
63 65
63 67
63 73
64 69
64 84
65 69
65 72
65 73
65 82
65 83
65 90
65 94
66 78
66 93
68 77
68 79
68 88
68 91
68 95
68 98
69 71
69 79
69 84
70 77
70 83
70 85
71 97
72 84
72 93
73 92
73 99
74 76
74 80
74 82
74 93
75 82
75 92
75 96
76 79
76 86
76 87
76 93
77 95
79 92
80 82
80 88
80 89
80 99
81 86
82 84
82 93
83 92
85 94
86 88
86 96
86 97
89 98
91 93
93 97
94 99
