100 500
0 13
0 21
0 51
0 68
0 98
1 3
1 4
1 24
1 33
1 66
1 70
1 95
2 3
2 15
2 18
2 33
2 40
2 62
2 73
2 80
2 88
2 92
2 93
3 4
3 6
3 12
3 14
3 26
3 29
3 39
3 43
3 46
3 80
3 81
3 90
3 91
4 9
4 11
4 18
4 40
4 42
4 43
4 47
4 53
4 59
4 60
4 70
4 79
5 25
5 29
5 42
5 46
5 56
5 69
5 72
5 73
5 82
5 97
6 16
6 17
6 29
6 50
6 56
6 57
6 58
6 65
6 77
6 78
6 85
6 94
7 9
7 11
7 23
7 52
7 58
7 77
7 83
7 88
8 17
8 19
8 21
8 26
8 56
8 74
8 81
8 87
8 98
9 11
9 32
9 40
9 41
9 44
9 51
9 65
9 84
9 86
9 93
9 97
10 13
10 14
10 17
10 22
10 30
10 46
10 47
10 56
10 89
10 95
11 23
11 32
11 43
11 53
11 54
11 58
11 76
11 84
11 85
11 88
11 97
12 13
12 15
12 18
12 28
12 36
12 37
12 56
12 83
12 86
13 42
13 52
13 53
13 54
13 59
13 66
13 73
13 96
14 21
14 22
14 44
14 46
14 59
14 78
14 94
14 95
15 31
15 34
15 40
15 47
15 63
15 70
15 73
15 82
15 99
16 22
16 67
16 72
16 80
16 98
17 27
17 42
17 59
17 75
17 79
17 94
18 20
18 21
18 50
18 52
18 56
18 58
18 63
18 78
18 79
18 81
19 21
19 23
19 27
19 41
19 50
19 67
19 71
19 73
19 74
19 87
19 90
20 52
20 70
20 74
20 78
21 28
21 39
21 52
21 55
21 57
21 59
22 51
22 52
22 56
22 75
22 81
22 89
22 95
22 98
23 45
23 90
23 92
23 94
24 43
24 44
24 54
24 58
24 76
24 87
24 94
25 26
25 39
25 50
25 51
25 57
25 69
25 86
25 91
25 92
25 93
26 29
26 42
26 43
26 64
27 28
27 33
27 45
27 47
27 56
27 79
27 80
27 92
27 96
27 99
28 30
28 31
28 51
28 65
28 75
29 31
29 38
29 42
29 45
29 53
29 65
29 84
29 99
30 59
30 64
30 69
30 74
30 75
30 77
30 82
30 85
30 93
30 94
30 99
31 33
31 53
31 74
31 79
32 41
32 55
32 59
32 72
32 93
32 95
33 39
33 45
33 52
34 53
34 54
34 65
34 89
34 93
34 94
34 96
35 55
35 63
35 65
35 90
35 94
35 98
36 56
36 63
36 72
36 79
36 90
36 99
37 39
37 44
37 51
37 63
37 79
37 88
37 89
37 97
38 44
38 45
38 51
38 52
38 64
38 70
38 89
38 96
38 99
39 42
39 44
39 49
39 60
39 67
39 84
40 42
40 47
40 61
40 63
40 69
40 82
40 95
41 44
41 68
41 71
41 83
42 48
42 54
42 59
42 62
42 63
42 66
42 80
42 81
43 47
43 56
43 65
43 73
44 52
44 75
44 84
45 52
45 64
45 92
45 99
46 56
46 68
46 82
46 88
46 91
47 84
47 88
47 91
47 94
48 50
48 61
48 70
48 87
49 52
49 54
49 81
50 53
50 58
50 99
51 52
51 70
51 71
51 72
51 74
51 87
51 88
51 94
52 53
52 55
52 67
52 69
52 70
52 75
52 76
52 82
52 87
53 57
53 70
53 71
53 83
53 88
54 59
54 71
54 80
54 92
55 59
55 64
55 67
55 83
55 85
55 91
56 66
56 76
56 91
57 70
57 72
57 85
57 94
58 76
58 80
58 96
59 62
59 69
59 72
59 75
59 78
59 86
59 91
60 69
60 74
60 79
60 82
60 92
61 65
61 73
61 82
61 85
61 90
61 95
62 68
62 79
62 94
62 99
63 84
63 89
63 92
63 99
64 69
64 84
65 71
65 74
65 78
65 83
65 88
65 94
66 79
66 97
67 87
67 88
67 97
68 71
68 96
68 99
69 79
69 82
69 85
69 89
70 72
70 78
70 97
71 72
71 73
71 79
71 80
71 85
71 89
71 92
72 91
72 95
72 98
73 74
74 81
75 85
76 84
76 89
76 95
77 80
77 88
77 93
79 97
80 91
80 95
80 98
80 99
81 99
82 85
82 88
83 87
83 93
84 86
84 92
84 98
85 92
86 97
87 88
88 94
88 96
88 97
89 96
90 98
93 94
93 96
95 98
