100 500
0 27
0 28
0 30
0 40
0 41
0 42
0 49
0 61
0 79
0 87
1 11
1 32
1 33
1 34
1 60
1 74
1 84
2 3
2 4
2 9
2 14
2 15
2 37
2 40
2 48
2 68
2 70
2 74
2 83
2 87
2 88
3 34
3 55
3 65
3 73
3 76
3 83
4 19
4 53
4 57
4 60
4 62
5 11
5 24
5 26
5 33
5 48
5 68
5 78
5 85
5 91
6 20
6 42
6 44
6 57
6 81
6 85
6 90
7 11
7 20
7 21
7 27
7 51
7 59
7 60
7 63
7 72
7 76
7 80
7 81
7 87
8 9
8 23
8 24
8 33
8 34
8 48
8 51
8 55
8 56
8 73
8 80
8 94
8 95
8 99
9 24
9 27
9 30
9 32
9 34
9 44
9 45
9 46
9 48
9 69
9 84
9 87
9 88
9 89
9 94
10 25
10 64
10 90
10 96
11 38
11 48
11 53
11 58
11 64
11 93
11 95
11 97
12 16
12 25
12 30
12 32
12 34
12 46
12 63
12 66
12 69
12 84
12 90
12 92
13 45
13 59
13 64
13 65
13 68
13 85
13 92
13 96
14 18
14 21
14 44
14 70
14 71
14 72
14 82
14 87
14 93
15 16
15 17
15 28
15 40
15 50
15 59
15 75
15 88
16 34
16 35
16 48
16 56
16 67
16 77
16 96
16 99
17 30
17 42
17 45
17 58
17 63
17 78
17 79
17 83
17 86
18 23
18 49
18 77
19 36
19 41
19 64
19 65
19 93
20 25
20 71
20 79
20 83
21 25
21 36
21 39
21 42
21 64
21 90
22 32
22 40
22 47
22 57
22 67
22 76
22 91
22 94
23 29
23 36
23 56
23 61
23 62
23 71
23 99
24 45
24 67
24 77
24 79
24 94
24 95
24 98
25 35
25 39
25 58
25 65
25 67
25 70
25 78
25 87
25 88
25 89
25 91
26 27
26 32
26 33
26 36
26 37
26 39
26 42
26 75
26 86
26 94
27 29
27 40
27 41
27 52
27 59
27 67
27 79
27 87
27 93
28 35
28 40
28 45
28 46
28 56
28 89
28 90
28 94
29 39
29 51
29 52
29 71
29 76
29 77
29 79
29 95
30 33
30 53
30 65
30 76
30 79
31 40
31 43
31 52
31 59
31 61
31 70
31 71
31 84
31 90
32 34
32 43
32 54
32 73
32 80
32 82
32 91
33 38
33 46
33 60
33 61
33 64
33 72
33 75
33 86
33 90
33 99
34 40
34 64
34 92
34 93
34 96
35 53
35 55
35 59
35 70
35 77
36 65
36 66
36 87
37 42
37 45
37 55
37 57
37 63
37 93
37 94
38 45
38 48
38 66
38 74
38 77
38 93
39 42
39 65
39 81
39 82
39 90
39 91
40 41
40 53
40 57
40 62
40 65
40 73
40 79
40 87
40 90
41 52
41 53
41 71
41 73
41 90
42 44
42 55
42 76
42 77
42 89
43 52
43 54
43 56
43 62
44 52
44 72
44 80
44 84
44 87
44 97
45 55
45 57
45 75
45 79
45 92
46 57
46 59
46 62
46 69
46 73
46 84
46 86
47 57
47 59
47 60
47 61
47 63
47 66
47 79
47 81
47 91
48 60
48 66
48 70
48 72
48 83
48 89
49 52
49 64
50 53
50 59
50 69
50 72
50 73
50 75
50 79
51 67
51 68
51 71
51 85
51 92
51 97
52 55
52 65
52 70
52 72
52 74
52 78
52 82
52 88
53 63
53 69
53 73
53 82
53 88
54 58
54 66
54 85
54 87
54 96
55 91
55 94
55 96
55 99
56 68
56 76
56 82
56 90
56 91
57 58
57 65
57 67
58 61
58 63
58 79
58 92
59 61
59 70
59 76
59 93
60 77
60 89
61 70
61 74
61 91
62 67
62 70
62 71
62 77
62 89
62 95
63 83
63 87
63 94
63 99
64 67
64 74
64 78
64 80
65 79
65 81
65 85
65 94
65 95
65 96
66 74
66 98
67 70
67 79
67 84
67 89
67 92
68 74
68 79
68 88
68 99
69 82
69 95
70 90
70 95
71 97
72 98
72 99
73 78
73 99
74 77
74 83
74 90
74 95
74 99
75 84
75 89
76 97
77 80
77 82
77 85
78 97
78 99
79 96
79 99
80 85
80 93
82 89
83 85
83 88
83 95
83 99
84 94
85 86
85 90
86 99
87 93
89 93
90 91
92 93
94 95
