100 500
0 4
0 18
0 33
0 34
0 35
0 44
0 48
0 52
0 59
0 63
0 72
0 80
0 85
0 90
1 13
1 14
1 16
1 51
1 52
1 53
1 62
1 69
1 77
1 97
1 98
1 99
2 7
2 11
2 48
2 49
2 52
2 59
2 61
2 66
2 79
2 80
2 90
3 4
3 10
3 13
3 21
3 47
3 57
3 60
3 65
3 69
3 79
3 82
4 7
4 33
4 41
4 57
4 62
4 74
4 77
4 95
4 98
5 9
5 26
5 30
5 64
5 81
5 91
5 96
6 16
6 24
6 34
6 50
6 51
6 55
6 61
6 62
6 77
6 81
6 93
7 12
7 18
7 19
7 42
7 48
7 64
7 70
7 87
8 10
8 17
8 22
8 54
8 57
8 68
8 74
8 99
9 40
9 68
10 15
10 19
10 45
10 46
10 49
10 51
10 69
10 76
10 92
11 28
11 30
11 41
11 61
11 63
11 81
11 91
11 95
11 96
12 30
12 34
12 52
12 63
12 67
12 71
12 78
12 81
12 86
12 97
13 14
13 22
13 40
13 41
13 56
13 66
13 93
14 15
14 35
14 39
14 42
14 43
14 46
14 50
14 51
14 55
14 69
14 95
14 96
15 17
15 24
15 35
15 37
15 41
15 50
15 62
15 68
16 62
16 67
16 71
16 92
17 34
17 43
17 44
17 76
17 82
17 84
17 85
18 28
18 48
18 53
18 60
18 86
18 89
18 97
18 99
19 35
19 37
19 44
19 47
19 48
19 50
19 54
19 65
19 66
19 67
19 71
19 76
19 77
19 99
20 35
20 41
20 56
20 65
20 68
20 71
20 73
20 79
20 80
20 86
20 87
21 22
21 30
21 64
21 68
21 76
21 77
21 78
21 89
21 92
22 26
22 31
22 38
22 46
22 50
22 58
22 68
22 71
22 83
22 86
22 92
22 93
23 29
23 35
23 37
23 40
23 41
23 42
23 56
23 65
23 84
24 34
24 53
24 64
24 85
24 96
25 26
25 28
25 34
25 57
25 68
25 72
25 78
25 85
25 94
25 97
25 98
26 34
26 63
26 64
26 85
26 86
26 94
27 35
27 45
27 48
27 56
27 92
27 97
28 36
28 46
28 49
28 50
28 70
28 81
28 86
28 89
28 92
28 94
28 99
29 31
29 37
29 43
29 63
29 79
30 31
30 34
30 50
30 64
30 66
30 78
30 99
31 37
31 60
31 64
31 65
31 85
31 86
31 93
32 33
32 34
32 43
32 45
32 48
32 58
32 70
32 72
32 80
32 83
32 87
32 88
32 89
32 97
33 35
33 45
33 59
33 61
33 63
33 65
33 68
33 73
33 76
33 81
33 82
34 38
34 48
34 60
34 70
34 73
35 38
35 60
35 61
35 63
35 66
35 67
35 70
35 72
35 75
35 79
35 90
35 95
36 41
36 45
36 62
36 72
36 80
36 95
37 45
37 49
37 55
37 75
37 77
37 86
37 89
37 92
37 99
38 48
38 59
38 80
38 81
38 94
39 40
39 47
39 51
39 55
39 59
39 87
39 95
40 45
40 64
40 75
40 80
40 96
41 42
41 45
41 54
41 69
41 71
42 60
42 62
43 44
43 52
43 60
43 61
43 91
43 96
44 67
44 73
44 74
44 77
44 78
44 92
44 95
45 81
45 88
45 90
45 93
46 58
46 77
46 79
46 84
46 86
46 96
47 53
47 56
47 70
47 71
47 98
48 81
49 57
49 76
49 88
50 55
50 71
50 81
50 88
50 94
50 96
51 66
51 73
51 80
51 90
51 99
52 54
52 55
52 70
52 81
52 86
52 92
52 98
53 83
53 85
53 86
54 68
54 71
54 77
54 93
54 95
54 96
55 66
55 69
55 73
55 93
55 98
56 72
56 86
56 96
57 67
57 72
57 81
58 69
58 70
59 65
59 75
59 88
60 72
60 99
61 78
61 80
61 84
61 93
61 97
62 87
62 97
64 70
64 73
64 87
64 92
64 95
64 96
65 80
66 70
66 71
66 72
66 76
66 78
68 73
68 83
68 85
68 96
69 79
70 99
71 78
71 89
72 74
72 79
72 96
73 99
74 77
74 83
74 91
74 93
75 89
75 96
76 77
77 92
78 83
78 84
79 89
80 92
80 96
80 99
81 91
81 99
82 84
82 86
84 94
84 99
85 97
86 99
87 90
87 97
87 99
88 92
88 94
89 94
89 98
89 99
97 98
