100 500
0 11
0 25
0 29
0 70
1 17
1 18
1 23
1 27
1 38
1 49
1 68
1 89
1 95
1 96
2 19
2 20
2 26
2 27
2 33
2 47
2 53
2 55
2 62
2 63
2 69
2 83
2 84
2 91
2 93
3 4
3 25
3 36
3 48
3 50
3 66
3 97
3 99
4 13
4 32
4 39
4 64
4 71
4 80
4 93
4 95
4 96
4 97
4 98
5 7
5 13
5 45
5 69
5 86
5 88
5 89
6 13
6 16
6 52
6 54
6 78
7 10
7 32
7 47
7 56
7 61
7 80
7 82
7 83
7 86
7 94
8 17
8 23
8 30
8 38
8 49
8 54
8 56
8 61
8 62
8 73
8 77
8 79
8 80
8 92
9 12
9 37
9 75
9 93
9 94
10 18
10 26
10 33
10 61
10 68
10 70
10 76
10 84
10 90
10 91
10 92
10 96
11 24
11 25
11 33
11 48
11 61
11 68
11 75
11 94
11 99
12 13
12 16
12 19
12 23
12 26
12 55
12 71
12 73
12 76
12 78
12 90
12 91
13 33
13 43
13 59
13 65
13 66
13 72
13 77
13 80
14 19
14 29
14 43
14 49
14 53
14 58
14 84
14 85
14 88
15 19
15 22
15 32
15 44
15 48
15 51
15 53
15 68
15 69
16 29
16 30
16 43
16 47
16 60
16 81
16 92
16 93
17 45
17 55
17 91
17 92
17 97
18 19
18 32
18 36
18 52
18 54
18 60
18 62
18 75
18 80
19 23
19 24
19 43
19 58
19 59
19 72
19 91
19 96
19 99
20 31
20 34
20 66
20 85
20 92
21 24
21 34
21 35
21 57
21 61
21 80
21 81
21 94
22 24
22 29
22 42
22 47
22 50
22 57
23 27
23 37
23 40
23 47
23 59
23 65
23 66
23 73
23 81
23 90
24 32
24 36
24 49
24 50
24 57
24 73
24 87
24 88
24 95
25 26
25 41
25 52
25 66
25 79
25 88
25 96
25 99
26 37
26 38
26 40
26 44
26 51
26 55
26 58
26 63
26 64
26 69
26 75
26 88
27 29
27 36
27 50
27 55
27 68
27 88
27 94
28 32
28 78
29 32
29 51
29 74
30 31
30 36
30 37
30 38
30 43
30 64
30 70
30 72
30 79
30 97
31 41
31 76
31 80
31 81
31 95
31 97
32 53
32 65
32 72
32 77
32 84
33 39
33 55
33 82
33 85
33 96
34 36
34 67
34 69
34 77
34 80
34 86
34 93
34 96
35 36
35 41
35 47
35 80
35 81
35 82
35 89
35 92
35 97
36 45
36 52
36 72
37 46
37 61
37 62
37 74
37 78
37 84
37 90
37 98
38 40
38 44
38 46
38 47
38 53
38 61
38 62
38 81
38 96
39 48
39 66
39 80
40 44
40 50
40 52
40 60
40 68
40 83
40 85
40 92
40 94
41 56
41 58
41 72
41 86
41 90
41 91
42 67
42 86
42 89
42 95
42 98
43 49
43 51
43 54
43 57
43 61
43 69
43 72
43 75
43 76
43 77
44 49
44 50
44 55
44 79
44 89
44 94
44 95
45 46
45 55
45 57
45 66
45 67
45 74
45 81
45 83
45 95
46 55
46 57
46 62
46 66
46 70
47 51
47 52
47 53
47 55
47 64
47 77
47 86
48 82
48 88
48 89
48 93
48 96
49 63
49 78
50 92
51 60
51 62
51 72
51 81
51 85
51 86
52 56
52 66
52 74
52 82
52 95
53 55
53 93
54 85
54 88
54 90
55 57
55 64
55 68
55 73
55 87
56 60
56 65
56 76
56 94
57 65
57 73
57 76
57 81
57 83
57 97
58 62
58 74
58 78
58 82
58 87
58 99
59 63
59 66
59 69
59 96
59 99
60 74
60 79
60 94
61 88
61 89
62 76
62 82
62 90
62 92
62 93
63 74
63 78
63 79
63 81
63 83
63 91
63 92
63 95
64 82
64 90
64 95
65 72
66 72
66 79
66 87
66 90
67 73
67 77
67 83
67 88
67 96
68 70
69 70
69 90
69 91
69 92
69 95
69 98
70 81
70 85
71 73
71 74
71 75
71 79
71 86
71 89
72 82
72 87
72 95
73 80
73 84
73 86
73 97
74 81
74 84
74 88
76 83
76 98
77 79
77 87
78 95
79 82
79 96
80 87
80 88
82 99
83 99
84 85
86 90
86 97
87 91
87 95
87 96
87 97
89 94
90 96
91 92
