100 500
0 1
0 17
0 25
0 26
0 32
0 46
0 47
0 51
0 65
0 78
1 5
1 6
1 23
1 28
1 31
1 35
1 47
1 49
1 55
1 59
1 65
1 73
1 77
1 78
1 99
2 5
2 21
2 43
2 77
2 89
2 94
3 11
3 23
3 81
3 94
3 97
4 12
4 26
4 43
4 55
4 69
4 72
4 74
4 78
4 87
4 99
5 14
5 19
5 36
5 37
5 55
5 57
5 62
5 81
5 82
5 85
5 88
5 89
5 98
6 10
6 21
6 24
6 54
6 61
6 74
6 79
6 86
6 89
6 99
7 29
7 37
7 42
7 43
7 59
7 96
8 21
8 26
8 40
8 47
8 49
8 58
8 72
8 73
8 89
8 97
9 14
9 23
9 25
9 30
9 33
9 39
9 41
9 42
9 55
9 61
9 64
9 67
9 76
9 86
9 88
10 12
10 26
10 29
10 35
10 44
10 82
10 83
10 98
11 13
11 15
11 36
11 43
11 55
11 66
11 69
11 92
11 94
11 96
11 97
12 13
12 19
12 24
12 32
12 36
12 40
12 48
12 52
12 55
12 76
12 82
12 87
13 25
13 26
13 42
13 69
13 88
13 92
13 93
14 18
14 45
14 50
14 71
14 76
14 78
14 83
14 84
14 85
14 92
14 98
15 20
15 25
15 35
15 44
15 53
15 83
15 86
16 17
16 35
16 46
16 51
16 64
16 77
16 79
16 84
16 88
16 93
16 97
17 18
17 19
17 25
17 47
17 55
17 67
17 73
17 85
17 94
17 98
18 28
18 30
18 36
18 44
18 45
18 46
18 50
18 52
18 55
18 57
18 74
18 76
18 93
19 20
19 44
19 60
19 64
20 30
20 57
20 61
20 93
21 25
21 30
21 36
21 39
21 49
21 58
21 69
21 73
22 28
22 40
22 67
22 69
22 70
22 77
22 83
22 91
22 93
23 29
23 30
23 43
23 46
23 62
23 64
23 70
23 79
23 84
23 93
24 28
24 33
24 45
24 46
24 48
24 60
24 66
24 84
24 93
25 30
25 45
25 49
25 73
25 84
26 38
26 47
26 60
26 61
26 70
26 82
26 85
27 32
27 35
27 37
27 48
27 57
27 69
27 78
27 88
28 31
28 50
28 55
28 63
28 66
28 67
28 88
29 33
29 36
29 43
29 60
29 72
29 73
29 84
29 85
29 91
29 97
30 44
30 54
30 58
30 60
30 61
30 70
30 79
30 82
31 42
31 43
31 44
31 60
31 61
31 89
31 94
31 95
32 34
32 45
32 48
32 69
32 70
32 73
32 75
33 34
33 36
33 45
33 48
33 81
34 50
34 52
34 54
34 55
34 56
34 93
35 42
35 49
35 60
35 62
35 81
35 84
35 85
35 86
36 38
36 44
36 59
36 60
36 64
36 87
37 60
37 81
37 98
38 50
38 72
38 75
38 86
39 43
39 49
39 51
39 76
39 90
39 99
40 45
40 49
40 64
40 79
40 98
41 61
41 64
41 70
41 81
41 99
42 43
42 46
42 58
42 68
42 75
42 92
43 50
43 51
43 52
43 71
43 83
43 89
44 52
44 60
44 78
44 84
44 88
45 52
45 54
45 58
45 78
46 50
46 53
46 58
46 61
46 62
46 69
46 73
46 79
46 94
46 96
47 57
47 71
47 72
47 85
47 95
48 50
48 56
48 67
48 82
49 61
49 78
49 79
50 57
50 64
50 78
50 80
50 81
50 90
51 74
51 94
51 96
52 66
52 72
52 73
52 87
53 54
53 61
53 85
54 57
54 79
54 86
55 96
56 70
56 73
56 77
56 97
57 60
57 61
57 65
57 71
57 78
57 91
58 60
58 61
58 97
59 72
59 75
59 76
59 94
59 97
60 87
61 66
61 73
61 87
62 85
63 71
63 72
63 84
63 95
63 97
64 73
64 74
64 81
64 93
64 98
65 67
65 70
65 76
65 89
65 95
66 72
66 81
66 86
66 89
66 91
67 73
67 82
67 83
67 99
68 96
69 75
69 76
69 89
70 73
70 84
70 95
70 97
71 74
71 80
71 92
72 80
72 88
72 97
73 85
73 98
74 78
74 79
74 87
74 89
75 76
75 96
75 99
76 78
76 94
77 80
77 81
78 88
78 93
78 95
79 98
80 82
80 88
80 90
80 97
81 85
81 86
82 95
82 98
83 90
84 99
85 91
86 92
86 95
88 92
91 93
93 97
95 99
