100 500
0 27
0 30
0 38
0 39
0 52
0 59
0 61
0 62
0 67
0 77
0 83
0 97
1 3
1 6
1 18
1 34
1 35
1 42
1 44
1 46
1 79
1 89
2 11
2 12
2 24
2 43
2 45
2 51
2 63
2 78
2 97
3 21
3 24
3 30
3 35
3 71
3 72
3 82
3 84
3 85
3 90
3 92
3 97
4 8
4 20
4 23
4 30
4 39
4 47
4 67
4 75
4 86
4 92
4 93
5 16
5 53
5 56
5 78
5 80
5 82
5 85
5 87
5 89
6 46
6 51
6 56
6 65
6 70
6 83
6 96
7 9
7 16
7 19
7 57
7 60
7 66
7 89
7 97
8 12
8 17
8 43
8 58
8 64
8 80
8 97
9 27
9 29
9 49
9 79
9 83
9 85
10 24
10 36
10 38
10 42
10 49
10 62
10 67
10 74
10 94
10 95
11 14
11 20
11 22
11 34
11 70
11 73
11 83
11 92
12 28
12 32
12 34
12 35
12 38
12 46
12 61
12 96
13 16
13 17
13 19
13 26
13 32
13 33
13 36
13 37
13 53
13 55
13 63
13 81
13 86
14 22
14 42
14 52
14 61
14 71
14 79
14 90
14 96
15 22
15 30
15 64
15 65
15 69
15 76
15 94
16 20
16 49
16 59
16 64
16 84
16 98
17 32
17 42
17 64
17 90
18 24
18 26
18 36
18 39
18 42
18 59
18 68
18 69
18 70
18 75
18 99
19 23
19 24
19 38
19 39
19 49
19 53
19 62
19 68
19 82
19 86
19 87
19 88
20 24
20 31
20 46
20 47
20 49
20 54
21 58
21 69
21 71
21 77
21 78
21 82
21 88
21 95
21 97
22 30
22 47
22 80
22 86
22 91
22 97
23 26
23 48
23 49
23 60
23 65
23 75
23 94
23 97
24 30
24 47
24 52
24 63
24 69
24 76
24 79
24 83
24 96
24 98
25 38
25 45
25 52
25 61
25 65
25 69
25 85
25 97
26 31
26 32
26 39
26 53
26 62
26 80
26 92
27 30
27 31
27 33
27 36
27 38
27 39
27 41
27 66
27 72
27 88
28 42
28 50
28 60
28 73
28 78
28 90
29 31
29 34
29 44
29 48
29 62
29 77
29 90
30 50
30 52
30 53
30 60
30 69
30 88
31 39
31 45
31 94
31 98
32 36
32 39
32 50
32 65
32 85
32 97
32 99
33 36
33 50
33 62
33 64
33 87
33 95
34 59
34 69
34 85
35 61
35 70
35 78
36 37
36 45
36 54
36 79
36 82
36 84
36 95
37 41
37 47
37 54
37 55
37 57
37 59
37 60
37 69
37 78
37 96
38 42
38 46
38 53
38 56
38 67
38 71
38 78
38 91
38 97
39 79
39 81
39 96
40 41
40 47
40 56
40 59
40 67
40 68
40 69
40 84
40 87
40 95
40 98
40 99
41 57
41 77
41 81
41 92
41 98
42 47
42 52
42 67
42 68
42 78
42 79
42 82
42 88
42 99
43 45
43 49
43 50
43 65
43 75
43 77
43 83
43 84
44 61
44 62
44 80
44 85
45 74
45 83
45 84
46 63
46 68
46 76
46 81
46 87
46 94
47 60
47 74
47 83
47 85
47 86
47 94
47 95
47 99
48 55
48 90
48 91
49 60
49 62
49 66
49 68
49 89
49 91
50 70
51 56
51 67
51 70
51 75
51 76
51 96
51 97
52 55
52 62
52 68
53 72
53 88
54 56
54 76
54 79
54 82
54 84
54 87
54 88
54 96
55 56
56 59
56 72
56 75
56 76
56 82
57 59
57 69
57 81
57 82
57 92
57 94
57 95
58 64
58 78
58 86
58 87
59 60
60 66
60 81
60 84
60 85
61 71
61 74
61 83
61 85
62 67
62 68
62 69
62 75
62 78
62 98
63 66
63 77
63 78
63 95
63 99
64 79
64 95
64 99
65 67
65 93
65 94
66 77
66 86
66 93
66 95
66 98
67 75
67 81
67 90
67 95
68 85
68 89
69 75
69 87
69 95
69 96
69 97
70 71
70 82
71 97
72 76
72 90
73 94
74 79
74 83
74 94
75 77
75 94
75 97
75 98
76 93
77 81
77 84
77 96
77 98
78 89
78 90
78 92
78 94
79 93
79 94
79 96
80 83
80 92
80 94
81 93
81 96
82 91
82 94
85 92
85 93
87 89
88 89
89 91
89 98
90 92
91 93
91 99
92 93
93 98
