100 500
0 12
0 16
0 20
0 29
0 39
0 53
0 70
0 73
0 75
1 8
1 34
1 47
1 73
1 75
1 76
1 79
1 81
1 94
2 11
2 61
2 62
2 68
2 77
3 12
3 18
3 23
3 24
3 36
3 58
3 62
3 90
3 93
4 14
4 17
4 21
4 44
4 65
4 70
4 90
4 94
4 97
5 8
5 9
5 12
5 16
5 19
5 26
5 27
5 29
5 33
5 38
5 42
5 47
5 48
5 73
5 85
6 7
6 8
6 19
6 31
6 36
6 50
6 66
6 67
6 96
7 8
7 12
7 13
7 30
7 42
7 61
7 72
7 79
7 84
7 85
7 92
7 98
8 25
8 47
8 53
8 59
8 85
8 88
8 99
9 47
9 62
9 65
9 72
9 83
9 98
10 17
10 41
10 45
10 65
10 73
10 75
10 77
10 84
10 87
10 97
11 12
11 59
11 62
11 66
11 72
11 75
11 76
11 77
11 79
11 81
11 86
11 87
11 98
12 16
12 19
12 68
12 69
12 92
12 98
12 99
13 14
13 29
13 43
13 52
13 57
13 65
13 79
13 83
13 90
13 98
14 49
14 52
14 60
14 66
14 71
14 89
14 92
15 25
15 36
15 49
15 73
15 80
15 92
15 94
16 39
16 44
16 48
16 51
16 52
16 59
16 69
16 79
16 87
16 93
16 96
16 99
17 37
17 52
17 68
17 83
17 96
18 20
18 23
18 59
18 65
18 68
18 72
18 73
18 88
19 22
19 25
19 26
19 43
19 48
19 52
19 58
19 61
19 69
20 30
20 32
20 53
20 66
20 74
20 85
21 25
21 26
21 33
21 38
21 52
21 64
21 68
21 86
21 90
21 95
21 97
22 28
22 42
22 46
22 90
23 26
23 37
23 43
23 56
23 65
23 73
23 74
23 78
24 28
24 42
24 98
25 50
25 51
25 60
25 61
25 71
25 81
25 85
25 92
26 28
26 39
26 53
26 54
26 56
26 74
26 81
26 82
26 86
26 87
27 49
27 60
27 61
27 81
27 84
27 86
27 88
28 31
28 34
28 38
28 41
28 45
28 48
28 52
28 68
29 30
29 47
29 53
29 62
29 76
29 88
29 90
29 95
30 45
30 56
30 58
30 72
30 89
30 99
31 38
31 42
31 47
31 51
31 56
31 58
31 62
31 74
31 82
32 38
32 39
32 44
32 52
32 61
32 76
32 87
33 43
33 51
33 54
33 57
33 66
33 85
33 86
33 88
33 93
34 38
34 39
34 48
34 59
34 62
34 65
34 68
34 73
34 78
34 82
34 88
35 37
35 55
35 65
35 68
35 93
36 49
36 63
36 69
36 77
36 85
37 43
37 55
37 57
37 72
37 79
37 83
37 88
37 93
37 98
38 39
38 49
38 60
38 93
39 43
39 61
39 66
39 68
39 81
39 99
40 43
40 54
40 81
41 44
41 48
41 78
41 82
41 89
42 50
42 61
42 67
42 68
42 73
42 86
42 89
42 96
43 49
43 61
43 72
43 82
43 87
44 92
45 54
45 58
45 65
45 72
46 48
46 52
46 68
46 78
46 85
46 88
46 91
46 96
47 54
47 55
47 61
47 63
47 98
48 53
48 56
48 65
48 72
48 73
48 79
48 83
48 88
48 92
49 58
49 66
49 69
49 70
49 72
49 88
50 60
50 63
50 67
50 75
50 81
50 88
51 52
51 53
51 54
51 59
51 62
51 73
51 80
51 84
52 57
52 59
52 69
52 71
52 79
52 86
53 77
53 87
53 90
53 95
53 97
54 69
54 73
55 60
55 64
55 79
56 58
56 66
56 74
56 75
56 95
56 96
57 58
57 63
57 64
57 91
57 99
58 62
58 63
58 81
58 90
59 75
59 77
59 78
59 83
59 84
59 85
60 69
60 75
60 85
60 87
60 98
62 73
62 90
62 92
63 82
63 84
63 86
63 88
63 99
64 66
64 79
65 70
65 77
65 88
65 89
65 93
66 86
66 96
66 97
67 87
67 99
68 74
68 76
69 80
69 82
69 84
69 98
69 99
70 88
70 90
71 91
71 94
71 95
72 75
72 78
73 82
73 89
73 90
73 98
74 90
75 96
76 81
76 96
77 86
77 90
79 88
79 97
80 84
81 97
82 84
82 85
82 86
83 92
83 94
83 96
84 96
85 96
86 89
87 88
87 90
88 92
88 94
88 98
89 92
89 99
91 93
92 95
96 98
98 99
