100 500
0 9
0 16
0 25
0 36
0 37
0 46
0 48
0 51
0 92
0 97
1 6
1 13
1 14
1 19
1 29
1 34
1 35
1 36
1 50
1 59
1 76
1 77
1 81
1 95
2 11
2 16
2 22
2 42
2 45
2 46
2 78
3 19
3 20
3 29
3 36
3 47
3 53
3 62
3 68
3 75
3 76
3 82
3 96
3 97
4 8
4 9
4 16
4 57
4 62
4 63
4 65
4 72
4 91
5 14
5 31
5 45
5 48
5 60
5 81
6 10
6 16
6 20
6 44
6 62
6 64
6 65
6 89
7 24
7 27
7 30
7 32
7 49
7 62
7 77
7 79
8 23
8 24
8 34
8 45
8 63
8 81
8 86
8 94
8 96
9 10
9 14
9 19
9 22
9 52
9 61
9 65
9 68
9 72
9 76
9 90
9 91
9 97
10 17
10 22
10 39
10 52
10 55
10 56
11 18
11 19
11 24
11 25
11 36
11 68
11 77
11 81
12 32
12 33
12 61
12 66
12 70
12 79
13 26
13 39
13 42
13 58
13 78
13 95
13 98
14 21
14 22
14 25
14 32
14 44
14 56
14 60
14 63
14 90
14 91
15 41
15 47
15 82
15 85
15 90
16 18
16 33
16 34
16 41
16 50
16 55
16 68
16 77
16 94
17 19
17 20
17 25
17 32
17 39
17 47
17 64
17 79
17 87
17 91
17 92
18 25
18 30
18 36
18 42
18 43
18 48
18 51
18 62
18 64
18 98
19 20
19 23
19 24
19 47
19 61
19 68
19 72
20 35
20 43
20 45
20 51
20 56
20 71
20 73
20 83
20 86
20 89
20 94
21 23
21 30
21 34
21 41
21 43
21 60
21 69
21 87
22 40
22 82
22 89
22 92
23 25
23 36
23 44
23 49
23 53
23 81
23 84
23 88
23 97
24 35
24 45
24 55
24 56
24 57
24 67
24 74
24 82
24 85
25 30
25 34
25 53
25 56
25 58
25 66
25 73
25 75
26 30
26 37
26 42
26 45
26 62
26 64
26 73
26 76
26 82
27 32
27 40
27 49
27 62
27 75
27 77
27 88
27 90
27 99
28 31
28 49
28 57
28 60
28 76
28 83
28 94
28 98
29 32
29 57
29 60
29 62
29 63
29 72
29 77
29 83
29 86
29 92
30 52
30 53
30 62
30 66
30 67
31 37
31 61
31 64
31 69
31 71
31 80
32 33
32 34
32 44
32 59
32 93
33 34
33 38
33 62
33 67
33 78
33 80
33 88
33 97
34 57
34 67
34 90
34 94
35 76
35 90
36 58
36 63
36 78
37 43
37 54
37 56
37 58
37 59
38 55
38 58
38 63
38 74
38 89
38 95
38 99
39 60
39 79
39 87
39 90
39 95
40 43
40 46
40 47
40 52
40 54
40 58
40 64
40 68
40 73
40 77
41 44
41 45
41 48
41 54
41 55
41 66
41 70
41 77
42 57
42 60
42 81
42 95
43 50
43 56
43 80
43 97
44 50
44 60
44 62
44 67
44 71
44 79
44 82
44 88
44 92
45 49
45 54
45 56
45 58
45 67
45 74
45 96
46 49
46 55
46 58
46 62
46 73
46 77
46 89
47 51
47 79
47 87
48 80
48 87
48 92
48 94
49 60
49 61
49 67
49 81
49 82
50 75
50 89
51 54
51 56
51 61
51 77
51 80
51 85
51 96
52 61
52 68
53 70
53 71
53 74
53 81
53 88
53 90
53 93
54 63
55 59
55 85
55 86
56 57
56 59
56 69
56 73
56 77
56 88
56 90
56 97
57 64
57 78
58 62
58 66
58 70
58 71
58 80
58 82
58 87
59 60
59 67
59 78
59 87
60 62
60 85
60 88
60 95
61 62
61 63
61 76
61 77
61 81
61 83
61 86
61 87
61 91
62 63
62 98
63 86
64 84
64 86
64 93
65 76
65 78
65 83
65 99
66 79
66 80
66 81
66 83
66 93
66 96
67 70
67 96
68 96
69 75
69 79
69 83
69 92
70 80
70 81
70 85
70 89
71 81
71 85
71 87
71 92
71 95
72 74
72 77
72 89
73 79
73 97
73 98
74 81
74 85
74 88
75 98
76 82
76 91
76 94
76 97
77 78
78 84
78 85
79 80
79 90
79 92
79 98
81 95
83 91
84 99
85 99
86 87
86 97
87 96
88 98
89 90
89 93
89 95
89 99
90 99
91 92
91 97
91 99
92 96
93 96
94 97
