100 500
0 22
0 37
0 58
0 63
0 65
0 67
0 69
0 81
0 89
0 91
1 2
1 3
1 7
1 12
1 32
1 38
1 57
1 63
1 64
1 68
1 79
1 83
1 91
1 98
2 13
2 16
2 24
2 25
2 29
2 59
2 69
3 8
3 14
3 20
3 21
3 24
3 29
3 43
3 45
3 79
3 88
3 97
4 5
4 10
4 34
4 36
4 54
4 55
4 71
4 89
5 24
5 27
5 28
5 43
5 59
5 75
5 94
5 97
6 11
6 68
6 89
7 11
7 26
7 29
7 41
7 46
7 60
7 61
7 81
7 89
8 11
8 15
8 30
8 41
8 75
8 80
8 87
9 15
9 29
9 52
9 59
9 61
9 63
9 64
9 77
9 87
9 97
9 98
10 15
10 32
10 35
10 37
10 41
10 45
10 49
10 59
10 81
10 97
11 32
11 39
11 40
11 46
11 48
11 61
11 68
11 82
11 83
11 94
11 96
12 16
12 20
12 22
12 27
12 31
12 65
12 91
13 31
13 64
13 70
13 80
14 24
14 27
14 35
14 43
14 48
14 57
14 64
14 65
14 78
14 80
14 93
14 98
15 21
15 24
15 59
15 95
16 29
16 56
16 58
16 79
16 80
17 21
17 34
17 35
17 51
17 66
17 69
17 87
17 99
18 47
18 56
18 81
18 86
19 21
19 42
19 43
19 48
19 55
19 57
19 65
19 66
19 77
19 79
20 38
20 40
20 56
20 59
20 61
20 74
20 80
20 81
20 91
21 29
21 34
21 39
21 56
21 68
21 69
21 70
21 73
21 81
21 89
22 27
22 47
22 48
22 52
22 58
22 77
23 24
23 35
23 71
23 92
24 40
24 51
24 66
24 86
24 89
25 31
25 39
25 50
25 60
25 61
25 63
25 83
25 86
25 90
25 99
26 38
26 44
26 53
26 62
26 65
26 72
26 83
27 35
27 39
27 50
27 52
27 58
27 64
27 74
27 78
27 83
27 84
27 92
28 36
28 41
28 49
28 60
28 63
28 65
28 82
28 95
29 37
29 38
29 47
29 69
30 45
30 64
30 76
30 83
30 99
31 38
31 68
31 71
31 72
31 85
31 91
32 54
32 59
32 69
32 79
32 81
32 85
32 93
32 94
33 40
33 44
33 58
33 60
33 62
33 70
33 73
33 82
33 86
33 92
33 93
33 95
34 47
34 57
34 65
34 66
34 74
34 75
34 77
34 85
34 92
34 93
34 95
35 38
35 44
35 49
35 53
35 91
35 97
36 53
36 63
36 80
36 94
36 99
37 42
37 46
37 47
37 54
37 64
37 73
37 74
37 79
37 80
37 89
37 92
37 95
38 39
38 45
38 48
38 56
38 59
39 44
39 47
39 61
39 64
39 74
39 83
39 84
40 75
40 86
40 89
41 49
41 50
41 63
41 66
41 68
41 94
41 99
42 48
42 79
42 89
42 90
42 91
42 99
43 45
43 47
43 50
43 61
43 73
43 79
43 96
43 98
44 45
44 60
44 68
44 78
44 89
44 93
45 47
45 56
45 59
45 70
45 77
45 79
45 84
45 91
46 54
46 63
46 65
46 66
46 89
46 99
47 48
47 52
47 68
47 69
47 71
47 72
47 83
47 84
47 85
48 61
48 65
48 70
48 72
48 79
48 84
49 63
49 67
49 71
49 94
50 52
50 64
50 86
50 90
51 53
51 54
51 58
51 79
51 80
51 81
51 88
52 62
52 82
52 85
52 86
52 97
53 71
53 85
53 86
53 88
53 91
53 97
54 57
54 65
54 75
54 78
54 81
55 57
55 70
55 85
55 87
56 81
57 59
57 60
57 79
57 83
57 90
57 93
57 96
57 99
58 62
58 75
58 78
58 88
59 61
59 83
59 94
60 82
60 88
61 76
61 82
61 94
61 97
62 75
62 81
62 84
62 97
62 99
63 73
63 88
63 90
63 99
64 69
64 83
65 80
65 82
65 91
65 93
66 71
66 85
67 69
67 91
67 92
68 75
68 80
68 83
68 93
69 73
69 81
69 90
69 98
70 72
70 73
71 81
71 82
72 78
73 74
73 75
73 83
74 76
74 77
74 78
74 97
75 84
76 81
76 82
76 89
76 92
77 78
78 93
79 91
80 88
80 94
80 95
81 82
81 98
82 85
82 95
82 99
83 88
83 90
83 93
83 98
84 98
87 98
87 99
88 95
90 99
91 95
91 99
92 99
93 94
95 99
