100 500
0 13
0 34
0 37
0 43
0 45
0 55
0 61
0 62
0 76
0 97
1 6
1 25
1 26
1 27
1 36
1 42
1 45
1 47
1 53
1 55
1 57
1 79
1 84
1 98
2 24
2 26
2 38
2 40
2 45
2 53
2 57
2 72
2 81
2 98
3 9
3 13
3 53
3 85
3 93
3 96
4 16
4 21
4 22
4 31
4 34
4 42
4 48
4 65
4 71
4 85
4 89
5 9
5 10
5 16
5 23
5 25
5 26
5 42
5 44
5 60
5 76
5 84
5 93
6 17
6 24
6 39
6 44
6 57
6 63
6 67
6 68
6 70
6 81
6 87
7 68
7 86
8 31
8 35
8 47
8 82
8 89
8 93
9 26
9 27
9 45
9 62
9 69
9 85
9 94
9 95
9 96
10 12
10 18
10 19
10 34
10 46
10 56
10 91
11 28
11 29
11 37
11 39
11 67
11 75
11 85
11 95
12 14
12 22
12 24
12 36
12 44
12 48
12 59
12 72
12 78
12 85
12 87
12 88
12 96
13 36
13 41
13 44
13 57
13 60
13 62
13 74
13 84
13 90
13 91
13 96
13 98
14 18
14 21
14 22
14 42
14 51
14 58
14 91
15 26
15 30
15 42
15 49
15 55
15 68
15 70
15 74
16 23
16 32
16 46
16 48
16 84
16 90
17 18
17 45
17 52
17 53
17 58
17 67
17 73
17 75
17 86
18 31
18 39
18 42
18 56
18 57
18 60
18 61
18 62
18 83
18 92
19 21
19 30
19 57
19 69
20 28
20 42
20 48
20 51
20 71
20 73
20 74
20 79
21 24
21 25
21 28
21 35
21 36
21 42
21 52
21 54
21 59
21 70
21 77
21 86
21 95
22 36
22 49
22 50
22 54
22 65
22 73
22 82
23 24
23 28
23 29
23 32
23 36
23 38
23 42
23 45
23 51
23 57
23 71
23 73
23 77
23 78
23 81
23 83
23 89
24 48
24 58
24 62
24 77
24 80
24 91
25 26
25 43
25 48
25 52
25 61
25 65
25 84
25 86
25 89
26 45
26 51
26 61
26 62
26 65
26 67
26 95
27 45
27 56
27 59
27 74
27 90
27 94
27 96
27 99
28 63
28 66
28 88
28 94
29 32
29 44
29 46
29 69
29 85
29 99
30 35
30 49
30 57
30 65
30 80
30 83
31 38
31 39
31 45
31 57
31 60
31 69
31 73
31 83
31 93
31 99
32 46
32 53
32 68
32 73
32 77
32 81
32 82
32 84
32 86
32 93
33 38
33 42
33 67
33 72
33 84
34 59
34 71
34 87
35 38
35 45
35 47
35 58
35 70
36 39
36 45
36 51
36 64
36 72
36 96
37 38
37 55
37 65
37 74
37 76
37 81
38 58
38 80
39 57
39 59
39 65
40 51
40 54
40 74
40 87
40 94
40 95
41 42
41 49
41 60
41 90
41 91
42 43
42 45
42 59
42 60
42 67
42 69
42 71
42 73
42 84
42 95
43 57
43 61
43 68
43 88
43 95
44 53
44 79
44 83
44 92
44 94
44 96
45 46
45 50
45 88
46 70
46 81
46 86
46 94
47 52
47 61
47 64
47 65
47 69
47 76
47 99
48 53
48 64
48 73
48 77
48 82
48 94
48 95
49 51
49 56
49 59
49 60
49 65
49 81
49 82
50 53
50 58
50 61
50 62
50 70
50 80
50 91
50 95
50 97
51 60
51 69
51 77
51 78
52 62
52 76
52 81
53 60
53 63
53 67
53 80
53 81
53 90
53 94
53 96
54 65
54 66
54 75
54 76
54 81
55 74
55 75
55 78
55 79
55 83
55 94
56 61
56 62
57 61
57 64
57 82
57 89
57 92
58 68
58 76
58 77
58 92
59 95
60 70
60 79
60 90
61 62
61 69
61 82
61 87
61 93
62 77
62 78
62 82
62 93
62 99
63 67
63 68
63 73
63 75
63 91
63 94
63 95
63 97
64 72
64 83
64 87
64 98
65 71
65 72
65 81
65 85
65 87
67 72
67 73
67 84
67 94
68 91
68 99
69 83
69 99
70 74
71 86
72 81
72 83
72 90
73 88
73 96
73 98
74 78
75 95
76 83
76 99
77 81
77 85
77 86
78 79
78 85
78 88
78 90
79 83
80 89
81 89
81 90
81 94
81 98
82 91
85 90
87 90
87 98
88 92
89 98
90 98
91 94
92 94
93 98
95 96
96 98
97 98
98 99
