100 500
0 13
0 20
0 58
0 72
1 8
1 14
1 46
1 56
1 72
1 75
1 90
1 96
2 19
2 56
2 60
2 69
2 82
3 13
3 25
3 32
3 33
3 47
3 48
3 53
3 58
3 79
3 88
4 5
4 7
4 18
4 24
4 36
4 39
4 52
4 65
4 80
4 91
4 93
4 94
4 97
4 98
5 19
5 23
5 47
5 65
5 90
5 94
5 96
5 97
6 7
6 9
6 50
6 56
6 60
6 70
6 78
6 79
6 81
6 89
6 91
6 93
7 13
7 16
7 38
7 62
7 70
7 75
7 79
7 86
7 89
8 12
8 20
8 31
8 32
8 39
8 43
8 55
8 63
8 74
8 85
8 86
9 14
9 26
9 39
9 40
9 43
9 44
9 48
9 59
9 68
9 70
9 71
9 85
9 91
10 18
10 30
10 40
10 52
10 56
10 59
10 86
10 88
10 93
11 12
11 35
11 51
11 78
11 89
11 91
11 96
12 22
12 44
12 52
12 61
12 64
12 71
12 74
12 75
12 77
12 87
12 97
12 98
13 19
13 49
13 61
13 80
13 82
13 84
14 17
14 18
14 28
14 55
14 58
14 61
14 63
14 73
15 19
15 25
15 46
15 61
15 65
15 73
15 74
15 75
15 77
15 89
15 97
15 99
16 39
16 52
16 79
16 84
16 88
17 21
17 29
17 32
17 36
17 44
17 46
17 51
17 74
17 82
17 89
18 19
18 26
18 29
18 32
18 34
18 52
18 60
18 66
18 89
19 23
19 25
19 42
19 49
19 89
20 27
20 34
20 35
20 46
20 80
20 93
21 25
21 31
21 35
21 41
21 44
21 46
21 62
21 65
21 78
21 85
21 94
22 34
22 40
22 80
22 81
22 87
22 98
23 36
23 47
23 60
23 62
23 74
23 82
23 96
23 98
23 99
24 35
24 56
24 59
24 86
24 90
24 96
25 40
25 50
25 54
25 61
25 76
25 89
25 90
25 95
26 28
26 39
26 67
26 75
26 84
27 32
27 52
27 56
27 79
28 39
28 41
28 46
28 48
28 62
28 65
28 77
28 88
28 99
29 53
29 57
29 79
29 82
29 88
29 91
29 92
30 32
30 38
30 50
30 55
30 60
30 69
30 70
30 75
30 81
30 87
31 35
31 37
31 43
31 46
31 73
31 94
31 98
32 37
32 39
32 46
32 49
32 62
32 99
33 47
33 64
33 72
33 88
34 35
34 42
34 58
34 67
34 69
34 74
34 79
34 87
34 88
35 38
35 45
35 55
35 62
35 77
35 94
36 40
36 53
36 65
36 80
37 47
37 61
37 64
37 66
37 81
37 89
38 59
38 64
38 66
38 80
38 82
38 85
38 86
38 93
39 71
39 74
39 75
39 87
40 43
40 55
40 68
40 83
40 98
41 46
41 47
41 57
41 59
41 63
41 69
41 70
41 81
41 85
42 48
42 73
42 78
42 80
42 87
42 92
42 94
43 44
43 47
43 48
43 69
43 70
43 73
43 75
43 90
44 84
44 95
45 48
45 78
45 80
45 88
46 47
46 51
46 60
46 64
46 65
46 67
46 92
46 97
47 51
47 57
47 66
47 68
47 92
48 58
48 82
49 61
49 68
49 86
49 94
50 51
50 52
50 59
50 60
50 61
50 64
50 74
50 85
50 86
50 89
51 63
51 75
51 92
51 95
52 55
52 60
52 62
52 72
52 75
52 89
52 91
53 57
53 59
53 94
54 59
54 62
54 63
54 65
54 71
54 87
54 95
55 68
55 90
55 95
55 99
56 69
56 71
56 83
56 91
57 58
57 79
57 98
58 59
58 62
58 74
58 77
59 64
59 68
59 73
59 83
59 85
59 88
60 74
60 86
60 88
60 91
60 95
61 65
62 63
62 74
62 77
62 82
62 92
62 93
62 95
62 99
63 64
63 68
63 70
63 72
63 78
63 83
64 67
64 80
64 83
64 89
64 92
64 96
64 98
65 75
65 80
65 81
65 88
65 99
66 76
66 83
66 85
66 95
67 72
67 83
67 90
68 72
68 77
69 75
69 87
70 75
70 86
71 75
71 80
71 83
71 88
72 87
73 77
73 81
73 90
74 78
74 92
74 95
75 87
76 85
77 82
77 89
77 95
78 83
78 84
78 85
78 97
79 96
80 82
80 97
81 90
82 94
83 96
85 87
85 88
85 89
85 97
86 87
86 95
88 89
88 94
88 99
90 98
92 98
