100 500
0 1
0 11
0 12
0 13
0 19
0 29
0 48
0 55
0 66
0 70
0 74
0 77
0 92
0 94
0 96
0 98
1 7
1 11
1 12
1 17
1 26
1 29
1 33
1 35
1 36
1 57
1 61
1 62
1 67
1 73
1 77
1 78
1 94
2 10
2 14
2 39
2 40
2 46
2 57
2 75
2 77
2 78
2 79
2 92
3 14
3 23
3 37
3 63
3 74
3 87
5 11
5 15
5 16
5 18
5 19
5 22
5 31
5 36
5 60
5 62
5 64
5 70
5 73
5 74
5 75
5 78
5 88
6 9
6 31
6 32
6 34
6 43
6 82
6 96
7 47
7 93
8 29
8 46
8 76
8 77
8 86
8 97
9 13
9 14
9 16
9 18
9 19
9 26
9 35
9 42
9 43
9 78
9 84
9 85
9 90
9 91
9 97
10 31
10 34
10 42
10 57
10 62
10 75
10 96
10 98
11 21
11 40
11 64
11 67
12 21
12 26
12 27
12 28
12 47
12 52
12 54
12 58
12 60
12 64
12 68
12 81
12 86
12 96
13 18
13 24
13 34
13 54
13 60
14 17
14 31
14 41
14 44
14 46
14 63
14 77
14 79
14 88
15 22
15 30
15 39
15 41
15 47
15 53
15 62
15 84
16 18
16 22
16 25
16 40
16 57
16 61
16 62
16 73
16 99
17 29
17 30
17 31
17 44
17 56
17 62
17 73
17 80
18 21
18 26
18 50
18 51
18 54
18 55
18 59
18 87
19 33
19 35
19 36
19 53
19 66
19 75
19 76
19 99
20 34
20 45
20 63
20 65
20 72
20 94
20 96
21 26
21 32
21 33
21 48
21 49
21 50
21 72
21 77
21 79
21 82
21 83
21 94
22 27
22 29
22 37
22 48
22 65
22 66
22 95
22 99
23 38
23 39
23 46
23 62
23 65
23 84
23 88
23 94
23 98
24 25
24 57
24 85
24 86
24 91
24 99
25 28
25 68
25 93
26 32
26 41
26 51
26 53
26 92
27 40
27 49
27 56
27 60
27 70
27 75
27 78
27 85
28 36
28 41
28 44
28 50
28 54
28 71
28 73
28 78
28 79
29 60
29 64
29 65
29 80
29 87
29 95
29 97
30 34
30 44
30 58
30 64
30 67
30 72
30 75
30 83
30 90
30 91
31 39
31 60
31 89
31 91
31 92
32 49
32 60
32 84
33 34
33 49
33 68
33 71
33 72
33 88
34 41
34 60
34 63
34 64
34 72
35 37
35 74
35 77
35 79
35 81
35 82
35 84
36 45
36 53
36 70
36 77
37 40
37 67
37 71
37 85
37 89
37 90
37 95
37 96
38 41
38 45
38 50
38 57
38 89
39 56
39 60
39 61
39 93
40 45
40 52
40 58
40 65
40 71
40 92
41 51
41 63
41 79
41 84
41 92
41 94
41 96
42 67
42 75
42 77
42 88
42 94
43 44
43 51
43 55
43 65
43 72
43 93
44 46
44 47
44 51
44 53
44 60
44 61
44 64
44 72
44 76
44 93
45 48
45 55
45 56
45 65
45 74
45 81
45 84
45 90
46 54
46 71
46 72
46 82
46 86
46 90
47 61
47 71
47 75
47 87
48 64
48 67
48 94
48 95
48 98
49 55
49 58
49 72
49 74
49 76
49 85
49 95
49 97
50 59
50 77
50 87
50 89
50 91
50 93
51 79
52 53
52 55
52 94
53 59
53 63
53 83
53 95
54 55
54 61
54 62
54 67
54 69
54 70
54 93
54 98
55 57
55 87
55 95
56 67
56 99
57 65
57 72
57 90
57 99
58 70
58 72
58 87
58 89
58 92
59 63
59 64
59 75
59 78
59 79
60 89
60 96
61 72
61 78
61 83
62 63
62 67
62 77
62 86
62 91
63 87
63 92
64 75
64 92
64 93
64 97
64 98
65 71
65 86
65 92
65 93
65 96
66 71
66 82
66 85
66 90
66 96
67 71
67 81
67 85
68 72
69 73
70 86
70 88
70 96
71 72
71 80
71 96
72 75
72 77
72 80
72 83
72 88
72 99
73 92
73 96
74 76
74 78
74 81
74 86
74 89
74 96
75 82
75 92
75 94
75 96
76 80
76 98
77 92
78 80
78 86
79 81
79 93
79 96
79 99
80 94
81 85
83 86
83 90
83 91
83 94
85 91
86 91
86 97
87 91
87 99
89 92
89 95
89 96
89 98
91 92
93 94
94 95
95 96
97 98
