100 500
0 9
0 11
0 26
0 42
0 43
0 44
0 51
0 64
0 66
0 71
0 74
0 76
0 83
0 88
0 93
0 95
1 4
1 16
1 17
1 20
1 23
1 45
1 49
1 52
1 59
1 72
1 93
2 3
2 17
2 31
2 42
2 43
2 54
2 57
2 60
2 70
2 77
2 82
2 90
2 97
3 5
3 20
3 29
3 44
3 58
3 74
4 31
4 33
4 35
4 36
4 44
4 67
4 68
5 8
5 16
5 19
5 36
5 37
5 40
5 42
5 47
5 48
5 49
5 52
5 55
5 74
5 82
6 7
6 14
6 19
6 26
6 28
6 36
6 44
6 51
6 60
6 64
6 77
6 79
6 89
6 91
6 97
7 16
7 32
7 45
7 48
7 64
7 70
7 86
7 97
8 19
8 29
8 31
8 51
8 67
8 95
8 98
9 27
9 34
9 47
9 60
9 79
9 84
10 23
10 36
10 37
10 39
10 46
10 67
11 23
11 31
11 40
11 53
11 73
11 84
11 90
11 98
12 21
12 24
12 62
12 80
12 83
13 21
13 30
13 41
13 59
13 66
13 91
13 97
14 22
14 24
14 35
14 36
14 48
14 55
14 69
14 72
14 74
14 77
14 78
14 95
15 18
15 29
15 34
15 36
15 44
15 46
15 53
15 59
15 62
15 80
16 22
16 26
16 30
16 51
16 52
16 58
16 75
16 77
16 82
16 97
17 20
17 32
17 48
17 55
17 59
17 87
17 97
18 22
18 24
18 26
18 37
18 59
18 72
18 75
18 79
18 81
18 91
18 94
18 97
19 31
19 32
19 42
19 54
19 70
19 71
19 75
19 89
20 39
20 40
20 42
20 43
20 44
20 53
20 57
20 82
20 88
21 38
21 44
21 55
21 56
21 71
21 76
21 86
21 94
22 36
22 40
22 48
22 64
22 80
22 96
23 45
23 60
23 62
23 74
23 87
23 91
24 30
24 53
24 58
24 67
24 89
24 97
25 28
25 42
25 43
25 57
25 63
25 64
25 67
25 70
25 83
25 84
25 90
25 95
25 98
26 28
26 31
26 37
26 47
26 50
26 51
26 74
26 85
26 88
26 91
26 92
27 29
27 41
27 63
27 75
27 90
27 96
27 99
28 31
28 34
28 36
28 37
28 46
28 61
28 69
28 71
28 85
28 92
28 96
28 97
29 50
29 53
29 79
29 85
29 94
30 38
30 48
30 50
30 79
30 87
31 36
31 73
31 78
32 35
32 45
32 62
32 65
32 67
32 76
32 89
33 60
33 66
33 87
33 94
33 96
34 66
34 83
35 45
35 78
35 87
35 92
35 94
36 41
36 44
36 47
36 71
36 78
36 85
36 93
36 95
37 42
37 43
37 62
37 67
37 70
37 75
37 76
37 80
37 84
38 47
38 56
38 71
38 74
38 78
38 89
38 98
39 56
39 64
39 70
39 83
39 92
39 94
39 96
40 48
40 56
40 59
40 69
40 89
40 93
40 99
41 47
41 54
41 59
41 62
41 66
41 91
41 95
42 50
42 55
42 64
42 65
42 69
42 93
42 99
43 64
43 71
43 92
43 98
44 47
44 49
44 50
44 52
44 63
44 83
44 91
45 46
45 47
45 54
45 64
45 74
45 78
46 63
46 66
46 67
46 79
46 87
47 50
47 52
47 59
47 62
47 66
47 75
47 78
47 79
47 97
48 63
48 79
48 89
48 93
49 94
49 96
50 69
50 70
51 66
51 68
51 70
51 71
51 86
51 97
52 55
52 59
52 88
53 64
53 67
53 90
53 99
54 60
54 61
54 76
54 77
54 89
54 96
55 67
55 73
55 74
55 80
55 90
56 71
56 74
56 75
56 81
56 87
57 59
57 67
57 95
58 66
59 64
59 75
59 78
59 91
60 75
60 78
60 79
60 88
60 92
61 62
61 77
61 87
61 89
61 91
61 96
61 98
62 63
62 64
62 87
62 97
62 99
63 72
63 75
64 83
64 84
64 86
64 94
64 97
65 66
65 90
66 73
66 90
67 93
68 76
68 84
68 89
68 98
69 76
69 77
69 90
69 96
69 99
70 94
70 96
71 78
71 95
72 73
72 80
72 87
73 81
74 88
75 88
75 99
76 77
76 82
76 94
76 97
76 98
77 87
77 91
77 92
78 94
78 96
79 80
79 83
79 84
79 92
80 81
80 87
81 94
81 95
82 96
83 90
84 96
91 93
92 99
93 94
96 97
