100 500
0 3
0 28
0 50
0 51
0 59
0 74
0 82
0 91
0 93
0 95
1 43
1 44
1 50
1 58
1 81
1 87
1 91
1 92
1 99
2 6
2 11
2 13
2 19
2 27
2 35
2 65
2 72
2 76
2 78
2 79
2 89
3 40
3 54
3 56
3 75
3 89
3 91
3 92
3 93
4 45
4 76
4 85
4 86
5 9
5 10
5 12
5 13
5 14
5 28
5 41
5 65
5 68
5 72
5 86
5 94
5 97
5 98
6 19
6 27
6 29
6 30
6 33
6 89
6 99
7 8
7 12
7 15
7 37
7 96
8 18
8 23
8 29
8 33
8 36
8 49
8 50
8 51
8 62
9 18
9 31
9 51
9 64
9 77
9 81
9 83
10 29
10 39
10 41
10 43
10 54
10 60
10 68
10 80
11 20
11 21
11 28
11 42
11 48
11 49
11 56
11 60
11 67
12 19
12 24
12 29
12 39
12 48
12 65
12 76
12 81
12 95
13 21
13 24
13 35
13 40
13 48
13 53
13 55
13 58
13 86
13 88
13 97
14 39
14 43
14 44
14 57
14 70
14 78
14 93
15 17
15 28
15 49
15 54
15 60
15 65
15 73
15 97
16 20
16 27
16 30
16 83
16 91
16 93
17 21
17 22
17 23
17 29
17 30
17 35
17 41
17 45
17 48
17 54
17 61
17 94
18 22
18 32
18 34
18 40
18 54
18 55
18 59
18 69
18 71
18 80
18 82
18 86
18 94
18 98
19 24
19 37
19 41
19 48
19 49
19 55
19 61
19 63
19 69
19 71
19 74
19 80
19 91
20 43
20 48
20 77
20 90
20 91
21 25
21 36
21 41
21 44
21 47
21 55
21 57
21 78
21 79
21 89
21 95
22 26
22 27
22 37
22 65
22 67
22 69
23 28
23 32
23 40
23 70
23 80
23 81
23 84
23 88
23 90
24 26
24 32
24 38
24 52
24 55
24 66
24 69
24 72
24 78
24 91
24 92
24 93
24 97
25 32
25 66
25 67
25 82
25 87
25 91
26 68
26 71
26 72
26 77
26 88
26 90
27 31
27 36
27 38
27 50
27 62
27 73
27 79
27 84
27 86
28 33
28 43
28 44
28 47
28 55
28 67
28 81
28 85
28 90
28 92
28 95
29 32
29 45
29 67
29 68
29 77
29 84
30 34
30 59
30 66
30 75
30 77
30 80
30 81
30 92
31 55
31 61
31 64
31 70
31 80
31 97
32 41
32 47
32 48
32 52
32 58
32 70
32 94
32 96
33 55
33 59
33 62
33 64
33 68
33 70
33 71
33 76
33 95
33 98
33 99
34 45
34 47
34 53
34 75
34 78
34 80
34 82
34 84
34 85
34 89
35 43
35 45
35 46
35 47
35 49
35 51
35 83
35 85
35 86
35 88
35 95
35 96
36 61
36 67
36 72
37 47
37 61
37 67
37 71
37 72
37 73
37 94
37 95
37 99
38 43
38 46
38 57
38 73
38 79
38 84
39 45
39 63
39 64
39 90
40 48
40 52
40 61
40 66
40 68
40 83
41 42
41 48
41 52
41 64
41 66
41 72
41 81
41 86
41 98
42 58
42 60
43 55
43 59
43 62
43 71
43 74
43 99
44 45
44 49
44 50
44 64
44 79
44 84
44 99
45 48
45 78
45 83
45 86
45 94
45 96
45 98
46 80
46 82
46 93
47 49
47 55
47 56
47 60
47 67
47 72
47 73
47 85
47 90
47 94
48 61
48 66
48 69
48 70
48 83
49 62
49 86
50 75
50 84
50 97
52 55
52 69
52 77
52 86
52 99
53 56
53 61
53 87
53 94
53 96
54 85
55 76
55 92
56 70
57 59
57 67
58 64
58 88
58 89
58 98
58 99
59 62
59 71
59 76
59 82
59 91
59 94
59 99
60 73
60 82
60 97
61 75
61 77
61 79
61 96
61 99
62 70
62 73
62 79
62 81
62 87
62 88
63 64
63 77
63 90
64 71
64 95
65 70
65 74
65 84
65 92
68 74
68 77
68 83
68 87
68 91
68 98
69 77
69 81
69 85
69 93
69 94
69 96
70 81
70 82
71 72
71 74
72 77
72 83
73 74
73 77
74 84
75 77
75 83
75 88
75 94
75 95
79 96
80 83
80 97
81 85
81 99
82 87
82 89
83 91
83 94
85 90
85 97
86 94
86 96
86 99
87 90
87 91
88 90
88 94
89 94
90 97
96 99
97 99
