100 500
0 8
0 14
0 26
0 32
0 35
0 50
0 59
0 85
0 97
0 99
1 23
1 28
1 34
1 35
1 38
1 40
1 50
1 51
1 56
1 57
1 62
1 66
1 79
1 81
1 85
1 94
2 16
2 17
2 28
2 42
2 45
2 93
2 99
3 12
3 33
3 63
3 67
3 86
3 92
4 14
4 27
4 45
4 56
4 58
4 60
4 91
5 19
5 28
5 33
5 38
5 66
5 82
5 85
5 97
6 9
6 17
6 35
6 46
6 47
6 57
6 69
6 71
6 74
6 79
6 82
6 95
6 96
7 11
7 21
7 30
7 42
7 55
7 56
7 60
7 70
7 91
7 96
8 20
8 24
8 26
8 68
8 71
8 86
8 92
8 99
9 21
9 25
9 29
9 43
9 45
9 48
9 86
9 90
10 11
10 15
10 18
10 34
10 60
10 73
11 15
11 16
11 37
11 41
11 49
11 71
11 89
11 96
12 29
12 39
12 59
12 74
12 80
12 84
13 35
13 43
13 49
13 52
13 54
13 59
13 60
13 90
13 97
13 98
14 19
14 21
14 27
14 28
14 31
14 61
14 69
14 82
14 83
14 89
15 22
15 23
15 40
15 50
15 60
15 69
15 70
15 72
15 74
15 82
15 91
15 92
16 33
16 34
16 38
16 45
16 49
16 62
16 77
16 90
17 32
17 39
17 50
17 53
17 66
17 70
18 26
18 31
18 58
18 68
18 69
18 91
18 93
19 29
19 33
19 44
19 49
19 71
19 83
20 56
20 58
20 60
20 66
20 69
20 70
20 71
20 72
20 78
20 82
20 87
20 97
21 24
21 30
21 34
21 51
21 56
21 67
21 82
21 88
21 95
22 27
22 30
22 64
22 85
22 93
23 25
23 30
23 60
23 62
23 78
23 79
23 80
23 84
23 90
24 34
24 47
24 53
24 56
24 60
24 79
24 81
24 85
24 86
24 88
25 27
26 32
26 47
26 65
26 67
26 73
26 94
27 47
27 66
27 71
27 79
27 80
27 85
27 93
28 37
28 64
28 78
28 99
29 50
29 62
29 90
29 97
30 31
30 59
30 61
30 77
30 78
30 85
30 91
31 32
31 34
31 48
31 49
31 58
31 62
31 78
31 82
32 35
32 37
32 40
32 42
32 46
32 48
32 57
32 61
32 62
32 68
32 70
32 80
33 40
33 41
33 42
33 59
33 60
33 65
33 77
33 80
33 98
34 38
34 45
34 51
34 59
34 60
34 61
34 77
34 90
35 37
35 38
35 39
35 84
35 89
36 40
36 45
36 47
36 60
36 76
36 96
37 38
37 48
37 57
37 59
37 73
37 91
37 95
37 96
38 41
38 52
38 66
38 72
38 84
38 90
38 91
38 98
39 46
39 49
39 51
39 58
39 61
39 63
39 67
40 48
40 80
40 82
40 86
40 89
40 96
40 99
41 45
41 54
41 55
41 67
41 91
41 98
41 99
42 49
42 76
42 94
42 99
43 65
43 68
43 69
43 74
43 79
43 91
44 48
44 49
44 51
44 60
44 61
44 73
44 74
44 79
44 91
44 92
45 52
45 59
45 70
45 76
46 63
46 67
46 92
46 96
46 98
47 48
47 72
47 73
48 53
48 57
48 58
49 67
49 74
49 80
49 87
49 92
50 81
50 96
51 65
51 83
51 92
52 73
52 79
52 83
52 85
52 87
52 88
52 94
53 56
53 60
53 76
53 79
54 71
54 74
54 82
54 99
55 56
55 61
55 75
55 84
55 87
56 86
56 91
57 58
57 60
57 62
57 63
57 74
57 75
57 92
57 98
58 63
58 87
58 89
58 90
58 93
59 76
59 81
60 64
60 67
60 69
60 84
60 86
60 88
60 94
60 95
61 62
61 66
61 68
61 80
61 85
61 87
61 98
62 74
62 75
62 80
63 78
63 79
64 65
64 72
64 86
64 91
64 92
64 93
65 80
66 71
66 78
66 84
66 93
66 94
67 77
67 85
68 78
68 84
69 72
69 87
69 89
69 93
69 95
70 74
70 81
70 86
70 92
71 72
71 78
71 86
71 99
72 85
72 90
72 96
74 79
74 81
74 91
74 96
75 96
76 89
76 91
76 98
77 79
77 98
77 99
78 97
79 83
79 90
79 92
79 97
80 81
80 90
81 83
81 86
81 93
82 98
83 96
84 98
85 88
85 98
86 87
86 90
86 91
87 97
88 89
89 98
93 96
95 96
96 97
