100 500
0 3
0 7
0 9
0 12
0 24
0 28
0 30
0 33
0 87
0 89
1 7
1 10
1 13
1 27
1 43
1 47
1 54
1 63
1 65
1 66
1 70
1 84
1 86
1 88
1 91
1 93
1 94
2 4
2 65
2 67
3 7
3 8
3 14
3 26
3 42
3 63
3 85
3 92
4 43
4 55
4 60
4 76
4 83
5 15
5 29
5 32
5 39
5 47
5 65
5 70
5 77
5 89
5 90
6 9
6 15
6 20
6 55
6 65
6 67
6 77
7 15
7 26
7 33
7 51
7 56
7 62
7 74
7 82
7 91
7 97
8 11
8 12
8 13
8 15
8 16
8 45
8 47
8 57
8 67
8 68
8 87
8 90
8 97
9 18
9 21
9 24
9 25
9 26
9 29
9 60
9 66
9 81
9 84
9 86
9 87
10 18
10 29
10 46
10 50
10 61
10 64
11 12
11 19
11 22
11 33
11 47
11 48
11 49
11 67
11 70
11 76
11 84
11 86
12 15
12 16
12 20
12 25
12 26
12 30
12 36
12 56
12 61
12 63
12 70
12 89
12 93
13 14
13 20
13 46
13 56
13 61
13 65
13 67
13 87
14 25
14 64
14 91
15 31
15 54
15 71
15 78
16 25
16 38
16 45
16 47
16 57
16 66
16 70
16 86
16 96
17 18
17 35
17 47
17 61
17 70
17 84
17 90
18 24
18 34
18 36
18 44
18 65
18 68
18 69
18 72
18 76
18 83
18 84
18 88
18 97
19 25
19 42
19 52
19 61
19 78
19 83
19 88
19 89
19 90
20 35
20 38
20 46
20 56
20 58
20 59
20 71
20 78
20 79
20 81
20 83
20 89
20 92
21 26
21 38
21 43
21 51
21 52
21 56
21 64
21 76
21 89
21 94
21 96
21 98
22 40
22 50
22 53
22 60
22 61
22 71
22 81
22 83
22 89
22 96
22 97
23 30
23 33
23 38
23 39
23 47
23 54
23 67
23 76
23 86
23 87
23 93
23 94
24 32
24 45
24 51
24 59
24 65
24 68
24 87
24 93
25 36
25 49
25 62
25 75
25 76
25 79
25 86
25 88
26 46
26 53
26 62
26 70
26 71
26 74
26 96
27 68
27 74
27 76
27 82
27 90
27 92
28 62
28 69
28 73
28 85
29 44
29 59
29 94
29 95
30 34
30 39
30 43
30 45
30 46
30 60
30 65
30 76
30 79
30 89
30 95
31 33
31 38
31 42
31 48
31 49
31 74
31 83
31 86
31 88
31 94
31 99
32 48
32 54
32 68
32 88
32 92
32 97
33 36
33 64
33 66
33 77
33 93
34 54
34 57
34 82
34 86
34 88
34 98
35 41
35 80
35 96
36 42
36 46
36 50
36 75
36 77
36 88
36 92
36 94
37 45
37 47
37 51
37 71
37 72
37 73
37 89
38 40
38 53
38 60
38 68
38 78
39 49
39 63
39 75
39 88
39 90
39 92
40 44
40 58
40 64
40 76
40 83
40 84
40 85
40 89
40 95
41 60
41 66
41 87
42 78
42 83
43 45
43 67
43 80
43 83
43 85
44 50
44 59
44 92
44 97
45 46
45 56
45 58
45 59
45 81
45 96
45 98
46 54
46 63
46 81
46 82
46 90
46 94
47 61
47 71
47 86
47 87
48 56
48 84
49 61
49 84
49 94
49 96
50 55
50 63
50 67
50 76
50 78
50 81
50 94
51 72
51 84
51 97
52 57
52 64
52 70
52 74
52 76
52 79
52 87
52 91
52 94
52 95
53 74
53 94
54 64
54 71
54 90
55 65
55 68
55 80
55 90
55 96
55 98
55 99
56 58
56 78
56 80
57 63
57 65
57 71
57 82
57 85
58 60
58 62
58 64
58 89
58 99
59 66
60 64
61 64
61 73
61 77
61 78
61 88
63 66
63 71
63 86
63 91
64 65
64 96
65 72
65 90
66 77
67 81
67 86
67 94
67 97
67 99
68 69
68 74
68 89
69 74
69 80
69 96
70 79
71 92
71 93
72 78
72 84
72 94
72 96
73 74
73 80
73 90
73 93
73 98
74 80
75 81
75 87
75 89
75 95
76 83
76 87
76 95
76 98
77 82
77 83
77 97
77 98
78 79
78 92
78 94
79 82
79 90
80 91
80 97
81 85
81 91
81 96
82 88
82 91
83 84
83 91
84 99
86 93
87 91
88 90
89 92
90 96
90 99
92 93
92 98
95 97
97 98
