100 500
0 8
0 10
0 21
0 32
0 35
0 37
0 41
0 42
0 45
0 61
0 66
0 81
0 94
1 5
1 11
1 18
1 22
1 24
1 39
1 40
1 42
1 55
1 64
1 88
2 14
2 39
2 55
2 57
2 84
2 90
2 97
2 99
3 7
3 9
3 19
3 21
3 42
3 44
3 50
3 54
3 60
3 73
3 82
3 84
3 92
4 9
4 10
4 12
4 24
4 42
4 43
4 44
4 46
4 50
4 58
4 90
4 95
5 21
5 24
5 48
5 76
5 82
5 86
5 97
6 7
6 31
6 54
6 66
6 68
6 78
6 84
7 11
7 18
7 32
7 47
7 60
7 62
7 73
7 82
7 91
7 97
8 19
8 22
8 29
8 43
8 68
8 77
8 81
8 93
9 13
9 32
9 41
9 42
9 46
9 51
9 52
9 59
9 62
9 66
9 94
10 35
10 54
10 61
10 69
10 71
10 73
10 79
11 14
11 16
11 20
11 38
11 39
11 43
11 45
11 46
11 56
11 69
11 71
11 83
11 91
11 97
11 99
12 33
12 43
12 44
12 49
12 59
12 69
12 73
12 79
12 83
12 84
12 95
13 31
13 41
13 46
13 54
13 58
13 94
14 29
14 31
14 32
14 37
14 39
14 54
14 64
14 68
14 92
15 24
15 32
15 37
15 40
15 58
15 62
15 73
15 77
15 84
15 88
15 93
16 22
16 32
16 47
16 49
16 50
16 51
16 59
16 60
16 67
16 71
16 73
16 74
16 81
16 84
17 50
17 62
17 89
17 95
17 96
18 27
18 32
18 52
18 63
18 64
18 73
18 86
19 30
19 34
19 35
19 38
19 42
19 56
19 74
19 77
19 83
19 88
19 95
19 99
20 23
20 28
20 31
20 45
20 96
21 22
21 25
21 39
21 45
21 48
21 54
21 66
21 83
21 85
21 99
22 25
22 30
22 34
22 35
22 36
22 37
22 44
22 60
22 71
22 76
22 77
22 81
22 83
23 26
23 34
23 36
23 47
23 51
23 67
23 80
23 82
23 87
23 93
24 38
24 62
24 64
24 74
24 77
25 27
25 31
25 40
25 43
25 48
25 58
25 63
25 76
25 79
25 85
25 88
26 77
26 80
26 90
26 92
26 94
27 32
27 33
27 48
27 51
27 61
27 62
27 69
27 82
28 32
28 38
28 48
28 69
28 74
28 75
28 77
28 78
28 89
28 93
29 30
29 34
29 36
29 45
29 60
29 72
29 80
29 90
29 98
30 38
30 43
30 69
30 74
30 79
30 83
30 87
31 37
31 46
31 73
31 74
31 78
31 79
31 82
31 83
32 41
32 42
32 48
32 51
32 63
32 88
32 93
33 37
33 38
33 44
33 51
33 56
33 82
33 96
34 35
34 37
34 46
34 49
34 58
34 63
34 75
34 80
35 45
35 46
35 51
35 57
35 75
35 89
36 42
36 54
36 71
36 79
36 83
36 84
37 44
37 54
37 67
37 72
37 88
37 99
38 39
38 55
38 61
38 66
38 77
38 82
38 88
38 90
39 74
40 46
40 57
40 67
40 77
40 83
40 88
40 90
40 96
41 43
41 48
41 53
41 64
41 66
41 75
41 80
41 96
42 45
42 54
42 71
42 93
42 95
43 52
43 55
43 71
43 72
43 75
43 84
44 51
44 68
44 78
44 87
44 99
45 84
45 88
46 65
46 69
46 74
46 94
47 59
47 82
47 93
47 94
49 52
49 55
49 63
49 83
50 74
51 59
51 81
51 85
51 90
52 62
52 64
52 65
52 72
52 74
52 92
53 78
53 86
54 72
54 78
54 84
54 92
55 62
55 64
55 69
55 76
55 82
55 92
55 98
56 71
56 77
57 59
57 61
57 65
57 93
57 94
58 59
58 82
59 92
60 99
61 63
61 70
61 73
61 77
61 89
61 90
62 64
62 67
62 69
62 83
62 88
62 91
63 64
63 93
65 71
65 88
65 98
66 67
66 69
66 78
66 91
66 93
67 77
68 79
68 94
68 99
69 74
69 94
70 79
70 91
70 99
71 78
71 82
71 86
72 74
72 80
72 89
72 99
73 87
73 99
74 79
74 82
74 86
76 87
76 91
77 78
77 86
78 89
78 96
80 98
81 82
81 83
82 90
83 84
83 98
84 93
85 95
86 99
87 88
87 90
88 99
89 90
90 91
90 96
90 99
91 93
92 94
92 99
93 94
95 97
96 99
97 98
