100 500
0 7
0 15
0 24
0 39
0 40
0 65
0 78
1 4
1 6
1 36
1 42
1 72
1 84
1 90
2 4
2 10
2 16
2 73
2 75
2 76
2 98
3 8
3 20
3 22
3 26
3 45
3 46
3 50
3 59
3 66
3 79
3 81
3 90
3 99
4 12
4 15
4 19
4 47
4 48
4 55
4 56
4 67
4 89
4 90
5 30
5 43
5 50
5 70
5 74
5 87
5 90
6 9
6 15
6 39
6 43
6 52
6 65
6 79
6 81
6 87
6 91
6 99
7 27
7 39
7 43
7 51
7 72
7 88
7 99
8 27
8 28
8 31
8 32
8 34
8 38
8 39
8 54
8 59
8 60
8 79
8 94
9 10
9 14
9 22
9 25
9 35
9 36
9 40
9 68
9 79
9 90
10 24
10 31
10 81
10 92
11 47
11 67
11 69
11 76
11 84
11 85
11 88
12 23
12 39
12 40
12 44
12 52
12 70
12 76
12 85
13 16
13 25
13 27
13 32
13 44
13 45
13 53
13 56
13 61
13 64
13 73
14 21
14 34
14 51
14 53
14 61
14 66
14 70
14 87
15 17
15 30
15 34
15 35
15 42
15 67
15 73
15 80
15 85
15 92
15 99
16 79
16 86
17 26
17 33
17 37
17 42
17 49
17 61
17 68
18 20
18 28
18 31
18 35
18 80
18 90
18 93
18 94
18 96
18 97
19 23
19 27
19 46
19 71
20 26
20 27
20 28
20 35
20 46
20 56
20 66
20 71
20 92
20 94
21 23
21 46
21 53
21 57
21 68
21 77
21 84
22 29
22 31
22 32
22 34
22 56
22 59
22 61
22 62
22 82
22 83
22 92
23 27
23 29
23 43
23 46
23 74
23 79
23 85
24 26
24 36
24 53
24 56
24 70
24 75
24 78
25 64
25 70
25 88
25 95
26 38
26 43
26 58
26 81
26 83
26 91
27 41
27 43
27 51
27 58
27 62
27 76
27 81
27 89
27 94
28 29
28 69
28 75
28 78
29 30
29 37
29 38
29 39
29 56
29 66
29 71
29 80
29 82
29 83
29 84
29 85
29 86
30 44
30 55
30 61
30 67
30 70
30 73
30 78
30 81
30 88
30 91
31 34
31 47
31 62
31 66
31 77
31 81
31 95
32 37
32 39
32 42
32 46
32 79
32 82
32 89
33 36
33 43
33 44
33 76
33 86
33 93
33 94
33 97
34 37
34 56
34 60
34 95
35 48
35 58
35 61
35 66
35 86
36 37
36 42
36 71
36 88
36 95
37 55
37 58
37 86
37 87
37 90
38 45
38 49
38 65
38 70
38 73
38 93
38 98
38 99
39 41
39 55
39 64
39 79
39 86
39 95
40 52
40 56
40 63
40 76
40 85
40 91
40 94
41 45
41 47
41 52
41 63
41 69
41 75
41 77
41 85
41 90
41 92
41 94
42 46
42 63
42 80
42 84
42 86
42 90
42 91
42 97
43 46
43 55
43 77
43 78
43 82
43 94
44 69
44 80
44 81
44 84
44 86
44 91
44 95
44 99
45 49
45 50
45 52
45 66
45 77
45 83
46 87
47 54
47 67
47 88
47 93
47 98
48 54
48 61
48 70
48 79
48 95
49 53
49 73
49 74
49 78
49 81
49 87
49 95
49 98
50 63
50 68
50 78
51 60
51 64
51 69
51 75
51 76
51 85
51 94
52 72
52 78
52 84
53 58
53 64
53 66
53 73
53 82
53 83
53 88
54 62
54 85
54 93
54 97
55 56
55 68
55 70
55 90
55 92
55 93
55 94
56 68
56 78
56 89
56 96
56 97
57 59
57 65
57 70
57 75
57 79
57 95
57 98
58 60
58 65
59 66
59 85
59 91
60 63
60 79
60 84
60 95
60 97
61 89
61 90
61 94
61 95
61 98
62 94
63 65
63 66
63 70
63 72
63 73
64 78
64 89
65 81
65 88
65 94
66 84
66 93
67 69
67 71
67 72
67 79
67 88
67 90
67 93
68 88
68 90
69 70
69 76
69 79
69 95
69 98
70 74
70 75
71 86
71 92
71 93
72 73
72 75
72 95
74 78
74 90
74 91
74 93
75 79
75 93
75 94
76 78
76 81
76 84
76 97
78 92
78 95
78 98
78 99
79 97
80 87
80 89
80 90
81 90
81 92
81 97
82 94
83 84
83 88
83 91
86 90
86 94
87 96
88 93
89 91
89 93
90 92
90 94
90 98
93 99
