100 500
0 2
0 26
0 42
0 55
0 59
0 64
0 69
0 72
0 77
0 88
0 93
0 99
1 4
1 7
1 13
1 23
1 31
1 34
1 39
1 48
1 84
2 25
2 53
2 66
2 69
2 78
2 82
2 84
2 89
2 93
3 4
3 20
3 25
3 41
3 45
3 70
3 84
3 99
4 24
4 54
4 57
4 59
4 73
4 75
4 77
5 6
5 27
5 36
5 40
5 43
5 46
5 48
5 75
5 78
5 80
5 88
5 89
5 90
6 33
6 36
6 39
6 48
6 57
6 80
7 38
7 45
7 59
7 79
7 80
7 96
8 32
8 33
8 34
8 59
8 63
8 66
8 73
8 87
8 94
8 98
9 19
9 21
9 23
9 36
9 46
9 52
9 53
9 58
9 66
9 75
9 92
9 94
9 95
9 98
10 22
10 37
10 40
10 88
11 17
11 20
11 22
11 29
11 33
11 36
11 60
11 63
11 64
11 83
11 91
11 96
12 17
12 27
12 29
12 35
12 56
12 60
12 88
12 89
12 92
13 37
13 38
13 39
13 43
13 44
13 46
13 56
13 60
13 61
13 75
13 77
13 91
14 15
14 18
14 22
14 28
14 32
14 45
14 46
14 48
14 49
14 59
14 63
14 69
14 88
15 19
15 36
15 52
15 59
16 28
16 37
16 41
16 57
16 63
16 70
16 78
16 81
16 82
16 84
16 86
16 87
16 97
17 25
17 44
17 50
17 78
17 89
18 31
18 42
18 46
18 56
18 68
18 71
18 72
18 82
18 86
18 98
19 20
19 21
19 31
19 62
19 64
19 76
19 86
19 97
20 26
20 53
20 60
20 70
20 72
21 26
21 30
21 38
21 39
21 57
21 60
21 75
21 79
21 80
21 89
22 32
22 36
22 41
22 61
22 76
22 80
22 91
23 24
23 30
23 32
23 52
23 66
23 81
23 86
23 94
24 30
24 33
24 38
24 39
24 55
24 59
24 63
24 70
24 77
24 80
24 85
24 86
24 99
25 69
25 86
25 90
26 38
26 48
26 50
26 52
26 53
26 66
26 68
26 75
26 81
26 85
26 88
27 29
27 30
27 35
27 42
27 46
27 52
27 66
27 81
27 89
27 97
28 35
28 70
28 76
28 83
28 90
28 92
29 54
29 56
29 64
29 77
29 85
29 94
29 95
29 97
30 56
30 74
30 77
30 97
31 51
31 56
31 62
31 65
31 75
31 87
31 89
32 53
32 62
32 71
32 84
32 87
32 92
32 96
32 98
33 40
33 46
33 91
34 42
34 44
34 77
34 81
34 96
35 41
35 43
35 47
35 59
35 72
35 96
36 37
36 53
36 63
36 96
37 38
37 46
37 66
37 81
37 97
38 54
38 61
38 63
38 75
38 87
39 69
39 83
39 86
40 41
40 56
40 63
40 88
41 54
41 63
41 82
42 44
42 49
42 51
42 55
42 56
42 59
42 60
42 69
42 72
42 84
42 86
42 93
43 48
43 65
43 97
44 51
44 70
44 92
45 47
45 51
45 75
45 82
45 90
45 92
45 97
46 49
46 55
46 63
46 71
46 76
46 95
47 49
47 53
47 60
47 68
47 99
48 56
48 57
48 60
48 92
48 94
48 95
49 59
49 69
49 76
49 79
49 91
50 52
50 65
50 73
50 75
50 91
50 93
51 59
51 61
51 66
51 88
51 95
52 56
52 59
52 73
52 75
52 77
52 83
52 97
53 57
53 68
53 74
53 83
53 89
53 93
53 96
54 55
54 63
54 67
54 73
54 74
54 78
54 84
55 58
55 60
55 64
55 67
55 96
56 61
56 63
56 95
56 99
57 88
57 89
57 90
58 70
58 82
58 85
58 87
59 64
59 66
59 81
59 84
59 86
59 88
59 97
60 69
60 75
60 94
60 96
60 99
61 63
61 77
61 79
61 82
61 99
62 67
62 84
63 71
63 89
64 77
64 87
64 92
64 96
64 97
65 78
65 86
66 68
66 70
66 73
66 84
66 95
66 99
67 78
68 77
68 78
68 88
68 92
68 94
69 73
69 77
69 82
69 87
69 90
69 99
70 72
71 86
71 99
72 73
72 97
73 77
74 81
74 90
74 92
74 94
75 87
75 96
77 92
78 93
80 83
80 85
80 88
80 89
82 83
82 85
82 93
82 94
83 93
84 88
86 92
86 95
88 91
88 92
89 92
89 96
89 97
90 92
90 94
91 98
93 95
93 98
97 98
