100 500
0 5
0 8
0 12
0 25
0 30
0 32
0 35
0 41
0 45
0 46
0 47
0 56
0 84
0 97
1 9
1 13
1 20
1 21
1 22
1 24
1 37
1 39
1 55
1 56
1 95
1 97
2 4
2 6
2 9
2 16
2 18
2 19
2 34
2 48
2 49
2 54
2 60
2 71
2 84
2 85
2 97
2 98
3 6
3 9
3 19
3 27
3 30
3 69
4 16
4 31
4 43
4 47
4 55
4 61
5 16
5 17
5 25
5 34
5 52
5 58
5 63
5 68
5 70
5 72
5 95
6 25
6 27
6 29
6 31
6 58
6 82
6 83
6 90
7 17
7 26
7 53
7 67
7 72
7 74
7 91
8 14
8 19
8 28
8 48
8 69
8 99
9 22
9 28
9 36
9 76
10 22
10 49
10 53
10 56
10 60
10 63
10 87
10 91
11 39
11 42
11 51
11 70
11 73
11 83
12 38
12 47
12 62
12 67
12 73
12 82
12 90
13 19
13 20
13 21
13 23
13 37
13 50
13 53
13 59
13 61
13 63
13 65
13 68
13 89
13 99
14 16
14 23
14 48
14 77
14 86
14 91
15 28
15 30
15 35
15 54
15 77
15 84
15 93
15 95
16 26
16 43
16 45
16 47
16 51
16 74
16 76
16 77
16 92
16 95
16 99
17 20
17 23
17 25
17 26
17 51
17 54
17 79
17 82
17 85
17 95
18 20
18 29
18 37
18 44
18 56
18 63
19 32
19 46
19 49
19 53
19 61
19 70
19 76
19 80
19 82
19 94
20 28
20 37
20 38
20 81
20 83
21 36
21 55
21 63
21 67
21 73
21 78
22 64
22 85
22 89
22 94
23 31
23 44
23 60
23 94
23 96
23 98
24 39
24 40
24 58
24 61
24 65
24 74
24 95
24 97
25 26
25 30
25 43
25 57
25 58
25 74
25 80
25 95
26 38
26 55
26 60
26 80
27 35
27 40
27 53
27 56
27 59
27 72
27 77
27 86
27 87
28 38
28 49
28 53
28 64
28 67
28 69
28 71
28 72
28 75
29 36
29 39
29 49
29 68
29 69
29 72
29 75
29 78
29 80
29 86
29 87
29 92
29 93
29 99
30 32
30 39
30 49
30 52
30 58
30 62
30 81
30 83
30 84
30 87
30 92
31 47
31 49
31 65
31 78
31 87
31 92
31 94
31 97
32 38
32 40
32 52
32 79
32 90
32 98
33 61
33 65
33 78
33 93
33 95
34 40
34 44
34 73
34 76
34 87
34 92
34 94
34 99
35 42
35 48
35 57
35 60
35 78
35 85
35 95
35 97
36 40
36 43
36 44
36 48
36 60
36 67
36 84
36 95
36 98
37 68
37 71
37 73
37 74
37 78
37 80
37 81
38 83
38 85
38 86
38 87
38 88
38 93
39 49
39 54
39 81
39 82
40 41
40 48
41 52
41 69
41 84
41 88
41 98
42 52
42 61
42 65
42 73
42 75
42 91
42 92
43 52
43 59
43 66
43 67
43 71
43 77
43 86
43 97
43 98
44 45
44 60
44 62
44 69
45 49
45 59
45 71
45 91
46 47
46 55
46 63
46 67
46 76
46 81
46 91
46 98
47 57
47 75
47 77
47 92
47 97
48 65
48 75
48 78
48 80
48 82
49 51
49 57
49 65
49 91
49 94
50 65
50 69
50 71
50 88
50 89
50 94
50 97
50 99
51 54
51 66
51 86
51 89
52 53
52 57
52 87
53 73
53 85
54 59
54 77
55 56
55 61
55 66
55 71
55 77
56 63
56 68
56 76
57 81
57 86
57 97
58 69
58 75
58 87
59 70
59 73
59 83
59 85
59 88
59 90
60 61
60 69
60 70
60 74
60 77
60 95
61 69
61 73
61 81
61 83
62 63
62 76
62 83
62 84
62 95
63 66
63 76
63 84
64 66
64 85
64 90
65 71
65 96
66 74
66 75
66 84
66 87
66 88
67 69
67 74
67 75
67 86
67 87
68 79
68 80
68 90
68 97
69 76
69 81
69 95
70 80
70 82
70 86
70 93
70 94
70 96
70 97
71 73
71 86
72 79
73 86
73 98
74 75
74 80
74 85
75 79
75 94
75 95
76 97
77 80
77 82
77 88
77 97
78 90
78 92
79 80
80 84
80 88
80 99
81 93
82 86
82 90
84 91
84 95
85 94
87 88
87 93
87 94
87 99
88 95
89 92
90 95
93 98
95 98
96 97
96 98
