100 500
0 39
0 47
0 51
0 57
0 64
0 88
0 90
0 93
0 96
1 4
1 8
1 10
1 20
1 22
1 25
1 37
1 64
1 65
1 74
1 86
1 87
2 3
2 32
2 33
2 35
2 43
2 49
2 56
2 78
2 81
2 93
3 17
3 26
3 30
3 63
3 72
3 74
3 96
4 14
4 20
4 64
4 66
4 88
4 95
4 97
5 13
5 15
5 34
5 40
5 49
5 50
5 52
5 92
5 93
6 9
6 15
6 30
6 41
6 52
6 64
6 72
6 76
6 79
6 80
6 82
6 93
7 10
7 21
7 22
7 54
7 63
7 66
7 98
8 24
8 35
8 50
8 64
8 94
9 12
9 13
9 35
9 46
9 48
9 51
9 53
9 66
9 75
9 83
9 86
10 11
10 12
10 16
10 21
10 22
10 27
10 68
10 80
11 26
11 27
11 29
11 36
11 41
11 51
11 61
11 87
12 43
12 44
12 45
12 54
12 61
12 71
12 74
12 75
12 78
12 98
13 16
13 27
13 37
13 39
13 42
13 46
13 48
13 51
13 76
13 84
13 97
14 15
14 22
14 25
14 38
14 79
14 83
14 87
15 24
15 34
15 37
15 56
15 81
15 83
15 87
15 93
15 97
16 46
16 47
16 62
16 72
16 74
16 88
17 46
17 47
17 57
17 63
17 70
17 77
17 87
18 25
18 28
18 30
18 47
18 49
18 56
18 57
18 59
18 71
18 84
19 35
19 39
19 48
19 56
19 60
19 68
19 80
19 93
20 21
20 37
20 41
20 47
20 48
20 50
20 54
20 55
20 59
20 61
20 69
20 75
20 79
20 83
20 85
21 37
21 43
21 44
21 56
21 61
21 62
21 69
21 88
21 92
22 24
22 32
22 35
22 52
22 56
22 60
22 73
22 85
22 87
23 71
23 72
23 73
23 88
23 90
24 64
24 66
24 74
24 75
24 83
24 84
24 89
25 30
25 37
25 43
25 52
25 55
25 69
25 77
25 83
25 96
26 30
26 40
26 42
26 45
26 60
26 81
26 83
27 31
27 32
27 53
27 73
27 75
27 80
27 81
28 45
28 54
28 69
28 70
28 73
28 78
28 85
28 92
29 32
29 34
29 49
29 63
29 65
29 83
30 33
30 54
30 72
30 83
30 97
31 54
31 68
31 70
31 78
31 86
31 91
32 42
32 45
32 52
32 57
32 61
32 72
32 83
32 95
33 45
33 61
33 76
33 84
33 86
33 89
34 44
34 53
34 66
34 97
35 49
35 67
35 72
35 73
35 74
35 75
35 84
35 86
35 96
36 39
36 40
36 78
36 80
36 82
37 49
37 62
37 74
37 78
37 81
37 82
37 83
37 89
38 42
38 50
38 58
38 65
38 68
38 77
38 84
38 86
39 47
39 49
39 56
39 76
39 79
39 81
39 85
39 86
40 42
40 43
40 56
40 65
40 66
40 70
40 81
40 88
40 90
41 60
41 62
41 77
41 78
41 91
42 43
42 50
42 62
43 47
43 48
43 60
43 61
43 62
43 77
43 78
43 81
43 82
43 84
44 65
44 78
44 88
44 98
45 53
45 66
45 86
45 89
45 96
46 47
46 60
46 63
46 66
46 80
46 93
47 69
47 91
47 92
47 96
47 97
48 49
48 54
48 96
49 50
49 54
49 83
50 56
51 58
51 66
51 71
51 87
52 69
52 74
52 94
53 64
53 73
53 76
53 80
53 89
53 94
54 55
54 59
54 75
54 91
55 81
55 92
55 97
56 57
56 59
56 99
57 59
57 66
57 74
58 60
58 61
58 68
58 77
58 78
58 86
58 89
60 71
60 72
60 73
60 93
61 94
62 68
62 82
62 86
62 99
63 64
63 67
63 69
63 79
63 80
63 92
63 96
64 73
64 85
64 89
64 90
64 92
65 81
65 91
65 95
65 97
66 75
66 80
66 87
66 93
67 73
67 82
68 70
68 84
68 90
69 80
69 92
69 95
70 87
71 75
71 83
71 92
72 87
72 92
72 94
73 84
73 89
74 91
75 77
75 83
75 84
75 86
76 85
76 87
76 94
76 99
77 83
77 84
77 88
77 93
77 95
77 99
78 92
79 82
79 89
79 90
79 96
80 81
80 85
80 92
80 97
81 85
82 93
82 96
83 85
83 94
84 98
85 88
85 89
86 99
87 89
87 93
88 96
88 99
89 93
89 98
89 99
91 95
92 94
92 97
95 96
97 98
