100 500
0 2
0 18
0 32
0 41
0 53
0 58
0 65
0 71
0 73
1 16
1 22
1 23
1 29
1 40
1 48
1 53
1 68
1 74
1 89
2 4
2 6
2 10
2 15
2 16
2 20
2 21
2 25
2 33
2 79
2 90
3 9
3 12
3 20
3 25
3 44
3 48
3 51
3 61
3 67
3 71
3 77
3 81
3 82
3 83
3 89
3 91
4 7
4 17
4 43
4 49
4 52
4 75
4 81
4 90
5 7
5 8
5 35
5 49
5 64
5 75
5 96
6 8
6 18
6 20
6 21
6 45
6 47
6 53
6 59
6 82
6 85
6 88
6 99
7 13
7 17
7 23
7 26
7 29
7 88
7 93
7 95
8 16
8 31
8 39
8 61
8 80
8 91
9 11
9 20
9 53
9 76
9 78
9 80
9 95
10 12
10 18
10 19
10 23
10 41
10 46
10 48
10 57
10 61
10 70
10 71
10 73
10 79
11 13
11 15
11 17
11 26
11 41
11 43
11 62
11 84
11 99
12 15
12 21
12 43
12 63
12 75
12 80
12 86
12 91
12 99
13 15
13 33
13 46
13 64
13 66
13 70
13 71
13 77
13 85
14 23
14 26
14 31
14 44
14 66
14 74
14 78
14 88
14 92
15 24
15 44
15 73
15 76
15 78
15 80
15 82
15 83
15 96
16 52
16 53
16 58
16 62
16 66
16 72
16 92
17 18
17 36
17 39
17 52
17 55
17 66
17 74
17 83
17 88
17 92
17 97
18 20
18 35
18 45
18 47
18 57
18 71
18 82
18 88
18 90
19 37
19 56
19 61
19 68
19 71
19 79
19 85
19 86
19 89
19 95
20 23
20 31
20 37
20 53
20 55
20 63
20 65
21 23
21 24
21 38
21 45
21 46
21 49
21 70
21 75
21 76
21 82
22 27
22 42
22 50
22 60
22 63
22 66
22 79
22 80
22 83
22 86
22 92
22 94
22 95
23 25
23 37
23 42
23 44
23 47
23 69
23 83
24 29
24 30
24 39
24 77
24 95
25 26
25 40
25 53
25 54
25 55
25 59
25 66
25 86
25 89
25 93
25 94
25 97
25 99
26 30
26 47
26 60
26 61
26 83
26 88
26 96
26 97
27 39
27 44
27 46
27 52
27 66
27 78
27 86
27 98
28 32
28 37
28 39
28 51
28 56
28 60
28 67
28 79
28 81
28 84
28 86
28 94
29 39
29 51
29 55
29 62
29 71
29 73
29 77
29 96
30 38
30 43
30 52
30 60
30 61
30 71
30 94
30 95
30 96
31 32
31 60
31 74
32 36
32 53
32 65
32 81
32 86
33 38
33 42
33 46
33 53
33 68
33 72
34 39
34 41
35 38
35 57
35 64
35 73
35 74
35 83
35 89
35 99
36 42
36 43
36 48
36 55
36 68
36 81
36 84
36 85
36 92
36 94
37 50
37 65
37 69
37 80
37 95
38 53
38 54
38 66
38 87
38 99
39 41
39 53
39 79
39 81
40 41
40 48
40 55
40 76
41 51
41 55
41 65
41 75
41 85
41 98
41 99
42 53
42 62
42 64
42 74
42 88
42 92
42 99
43 58
43 61
43 64
43 66
43 67
43 69
43 74
43 79
43 84
43 88
43 89
44 49
44 51
44 58
44 67
45 62
45 91
45 99
46 53
46 56
46 65
46 83
47 57
47 93
48 63
48 68
48 95
49 70
49 78
49 90
49 94
50 66
50 73
50 89
50 97
51 53
51 64
52 55
52 71
52 74
52 85
52 91
53 67
53 86
53 91
53 99
54 59
54 60
54 76
54 78
54 88
55 58
55 61
55 77
55 88
55 99
56 68
57 78
57 81
57 84
58 73
58 86
58 89
59 99
60 62
60 67
60 74
60 84
60 86
60 91
61 64
61 85
61 92
62 66
62 70
62 73
62 76
62 91
62 99
63 64
63 77
63 80
63 91
63 95
64 69
64 73
64 74
64 90
64 98
65 81
65 92
66 76
66 90
66 96
66 97
67 81
68 73
68 75
68 76
68 84
68 85
68 96
70 71
70 72
70 78
70 83
70 93
71 76
71 91
71 96
72 73
72 91
73 74
73 77
73 81
73 82
73 90
73 92
73 96
73 97
74 83
75 79
75 92
76 92
77 85
79 92
80 85
80 87
80 89
80 90
81 90
82 96
83 86
83 91
84 88
84 94
84 99
85 90
85 95
87 89
87 90
88 89
88 94
91 96
93 98
