100 500
0 6
0 10
0 11
0 25
0 29
0 31
0 50
0 60
0 65
0 73
0 79
0 94
1 4
1 7
1 11
1 21
1 26
1 56
1 57
1 85
2 16
2 17
2 36
2 41
2 74
2 83
2 91
2 92
2 96
2 97
3 11
3 16
3 17
3 20
3 30
3 56
3 61
3 64
4 7
4 28
4 30
4 41
4 43
4 45
4 55
4 77
4 85
4 88
5 25
5 30
5 38
5 39
5 40
5 41
5 43
5 46
5 51
5 62
5 64
5 65
5 77
5 95
6 27
6 35
6 44
6 50
6 52
6 63
6 67
6 75
6 77
6 98
7 12
7 20
7 25
7 33
7 62
7 78
8 11
8 14
8 24
8 29
8 35
8 36
8 50
8 56
8 57
8 61
8 63
8 72
8 82
8 84
8 87
9 18
9 26
9 59
9 77
9 89
10 13
10 15
10 16
10 27
10 29
10 40
10 46
10 51
10 55
10 73
10 79
10 87
10 92
11 28
11 29
11 54
11 57
11 63
11 64
11 77
11 79
11 82
11 84
11 91
12 40
12 57
12 73
12 74
12 78
12 84
12 85
12 94
12 95
12 96
13 18
13 44
13 57
13 70
13 82
14 19
14 32
14 33
14 36
14 38
14 56
14 74
14 75
14 86
14 87
14 98
15 22
15 33
15 50
15 53
15 57
15 62
15 68
16 24
16 45
16 47
16 59
16 62
16 88
16 90
16 92
17 25
17 43
17 59
17 69
17 85
17 90
17 92
18 19
18 20
18 34
18 41
18 52
18 55
18 56
18 60
18 79
18 86
18 91
19 26
19 28
19 49
19 66
19 89
20 60
20 75
20 80
20 94
21 24
21 65
21 68
21 71
21 80
21 84
21 96
22 25
22 27
22 36
22 42
22 57
22 58
22 70
22 85
23 24
23 58
23 78
23 95
24 25
24 54
24 57
24 68
24 79
24 85
25 33
25 37
25 49
25 52
25 65
25 81
26 27
26 35
26 36
26 44
26 59
26 84
26 86
27 29
27 34
27 36
27 47
27 52
27 58
27 63
27 71
27 73
27 74
28 40
28 91
29 30
29 37
29 62
29 65
29 97
30 41
30 46
30 49
30 52
30 58
30 59
30 72
30 78
30 83
30 94
30 99
31 41
31 44
31 60
31 64
31 85
31 88
32 36
32 65
32 73
32 88
32 94
33 36
33 37
33 41
33 46
33 64
33 66
33 75
33 79
33 82
34 38
34 45
34 64
34 67
34 87
34 89
34 90
34 99
35 43
35 59
35 64
35 69
35 75
35 78
35 79
35 82
35 85
35 87
35 99
36 46
36 69
36 72
36 74
36 82
36 87
36 91
37 43
37 51
37 76
37 81
37 91
38 39
38 45
38 46
38 48
38 49
38 53
38 55
38 91
39 42
39 48
39 52
39 53
39 67
39 80
39 82
40 44
40 52
40 72
40 74
41 49
41 64
41 68
41 79
41 86
41 95
42 65
42 71
42 77
43 66
43 67
43 73
43 75
43 90
43 95
43 97
44 48
44 56
44 76
44 91
45 52
45 67
45 78
45 88
45 89
45 91
46 49
46 71
46 88
46 95
47 59
47 61
47 71
47 74
47 95
48 53
48 65
48 69
48 71
48 80
49 55
49 60
49 68
49 72
49 73
49 83
50 59
50 72
50 77
50 85
50 90
50 92
50 95
50 97
50 98
51 64
52 82
52 88
52 96
53 62
53 64
53 67
53 78
54 56
54 64
54 79
54 97
56 69
56 87
57 69
57 72
57 91
58 61
58 64
58 65
58 76
58 89
58 95
59 64
59 65
59 66
59 71
59 73
60 62
60 74
60 82
60 85
60 89
60 91
61 75
61 88
61 90
62 65
62 87
62 95
63 65
63 70
63 79
63 81
64 67
64 86
64 89
64 90
65 66
65 78
65 82
66 69
66 70
66 71
66 73
66 85
66 86
66 91
66 96
67 76
67 81
67 84
67 99
68 87
68 93
69 82
69 87
69 96
69 98
70 93
70 97
71 74
71 78
71 97
72 82
72 85
72 94
73 85
73 96
74 79
74 88
75 83
75 89
75 90
75 96
76 79
76 83
76 84
76 94
77 78
77 88
77 89
77 98
78 87
78 90
78 99
80 84
81 90
81 93
81 95
82 95
83 89
83 95
84 95
86 88
87 92
87 94
88 94
89 90
89 97
89 99
90 93
91 94
91 95
93 98
94 95
94 98
96 97
98 99
