100 500
0 1
0 18
0 27
0 37
0 54
0 58
0 60
0 85
1 9
1 11
1 14
1 24
1 28
1 45
1 55
1 72
1 92
2 10
2 11
2 16
2 20
2 31
2 61
2 62
2 96
3 6
3 14
3 21
3 26
3 38
3 48
4 6
4 7
4 34
4 36
4 39
4 43
4 54
4 71
4 80
4 84
4 97
5 15
5 35
5 36
5 39
5 51
5 62
5 80
5 83
6 16
6 17
6 24
6 25
6 31
6 33
6 53
6 58
6 61
6 71
6 80
6 85
6 97
6 99
7 20
7 23
7 38
7 46
7 52
7 62
7 65
7 70
7 72
7 87
7 93
7 99
8 16
8 19
8 29
8 45
8 73
8 77
8 81
8 90
9 16
9 18
9 31
9 40
9 42
9 49
9 67
9 73
9 74
9 84
9 94
10 42
10 45
10 49
10 69
10 95
11 13
11 23
11 36
11 39
11 41
11 44
11 48
11 49
11 50
11 65
11 66
12 35
12 59
12 60
12 75
12 81
12 97
13 34
13 43
13 57
13 74
13 76
13 77
13 92
14 18
14 22
14 28
14 31
14 32
14 67
14 78
14 89
14 95
15 28
15 31
15 36
15 37
15 51
15 64
15 84
15 88
15 91
15 94
16 28
16 36
16 38
16 46
16 47
16 59
16 64
16 77
16 83
16 95
17 31
17 44
17 51
17 61
17 79
17 90
18 24
18 48
18 71
18 78
18 89
18 98
19 23
19 26
19 28
19 43
19 45
19 51
19 56
19 60
19 63
19 70
19 81
19 87
19 88
19 92
19 99
20 24
20 32
20 34
20 36
20 56
20 60
20 96
21 22
21 27
21 53
21 61
21 80
21 84
21 88
22 25
22 29
22 36
22 41
22 54
22 62
22 70
22 80
22 82
22 85
22 87
22 92
22 99
23 28
23 32
23 39
23 40
23 45
23 54
23 62
23 64
23 72
23 85
23 89
23 97
24 28
24 52
24 54
24 64
24 67
24 74
24 80
24 81
24 92
25 26
25 36
25 37
25 64
25 73
25 80
25 91
25 97
25 98
26 27
26 32
26 52
26 54
26 58
26 67
26 78
26 81
27 29
27 46
27 48
27 55
27 81
27 84
28 41
28 65
28 67
28 75
28 83
29 38
29 74
29 83
30 54
30 62
30 69
30 83
30 86
30 87
30 95
31 45
31 49
31 55
31 65
31 69
31 71
31 84
31 90
31 97
32 47
32 58
32 62
32 64
32 79
32 92
33 36
33 56
33 57
33 60
33 72
33 96
33 99
34 48
34 54
34 67
34 86
34 91
35 53
35 84
36 38
36 39
36 51
36 52
36 56
36 62
36 65
36 81
36 84
37 55
37 56
37 58
37 64
37 66
37 69
37 78
37 80
37 91
38 55
38 86
38 88
38 89
39 41
39 60
39 61
39 82
39 92
39 96
40 58
40 59
40 73
40 81
40 86
40 98
41 48
41 83
42 57
42 58
42 61
42 67
42 75
42 78
42 84
43 59
43 64
43 98
44 56
45 57
45 90
46 50
46 74
47 54
47 61
47 88
48 62
48 65
48 66
49 50
49 58
49 69
49 80
49 99
50 54
50 70
50 87
51 53
51 91
51 94
51 98
52 58
52 59
52 67
52 71
52 81
52 86
52 89
52 92
53 57
53 79
53 92
54 69
54 77
54 79
54 81
54 97
55 61
55 68
55 69
55 74
55 81
55 87
56 61
56 64
56 67
56 77
56 82
56 84
56 89
56 97
57 66
57 68
57 70
57 73
57 88
57 98
58 59
58 60
58 62
58 66
58 78
58 94
58 95
58 96
59 62
59 76
59 80
59 85
59 89
59 96
60 73
60 74
60 76
60 81
61 64
61 69
61 77
61 92
62 65
62 73
62 93
63 66
63 69
63 74
63 89
64 82
64 83
64 85
64 87
64 92
64 97
65 66
65 68
65 75
65 80
65 83
65 90
65 93
66 85
66 89
66 96
67 82
67 91
68 71
68 72
68 86
68 87
68 96
68 99
69 77
70 82
70 97
71 84
71 90
72 73
72 88
74 85
74 89
74 97
74 99
75 78
75 83
75 90
76 81
76 84
76 91
76 92
76 96
78 83
78 94
79 87
80 86
80 88
80 91
80 93
82 89
83 90
84 88
84 95
85 87
85 95
85 97
86 95
86 96
87 95
87 97
88 97
89 96
89 97
90 95
90 97
90 99
92 97
92 99
93 97
94 98
