100 500
0 28
0 47
0 48
0 50
0 81
0 87
0 94
1 12
1 19
1 48
1 58
1 68
1 85
2 27
2 42
2 43
2 53
2 62
2 76
2 78
2 87
3 4
3 5
3 13
3 41
3 58
3 64
3 81
3 97
4 25
4 29
4 43
4 44
4 45
4 48
4 49
4 52
4 55
4 69
4 80
4 89
5 15
5 26
5 75
5 78
5 87
5 89
5 90
5 91
5 93
5 95
6 21
6 41
6 46
6 53
6 58
6 73
6 93
6 96
7 19
7 22
7 51
7 57
7 77
7 97
8 21
8 38
8 41
8 78
8 86
8 96
8 97
8 99
9 13
9 23
9 24
9 33
9 43
9 74
9 94
10 13
10 35
10 36
10 37
10 40
10 45
10 63
10 64
10 69
10 75
10 80
11 12
11 13
11 28
11 37
11 39
11 57
11 73
11 76
11 82
12 13
12 37
12 51
12 60
12 67
12 77
12 97
13 29
13 30
13 36
13 51
13 53
13 59
13 68
13 73
13 74
13 87
13 93
13 95
14 23
14 30
14 60
14 80
14 84
14 92
15 19
15 38
15 53
15 59
15 68
15 70
15 71
15 72
15 76
15 80
15 84
15 97
15 98
16 24
16 57
16 58
16 61
16 68
16 73
16 84
16 95
17 24
17 32
17 34
17 45
17 55
17 73
17 87
17 91
18 37
18 40
18 47
18 79
18 84
18 92
18 99
19 20
19 42
19 44
19 50
19 67
19 91
20 40
20 48
20 56
20 73
20 76
20 82
20 84
20 88
20 95
21 44
21 52
21 64
21 66
21 79
21 98
22 26
22 33
22 56
22 61
22 71
23 24
23 43
23 54
23 61
23 74
23 89
23 91
23 93
24 25
24 42
24 43
24 52
24 60
24 61
24 63
24 67
24 71
24 73
24 79
24 87
24 93
25 26
25 37
25 93
26 27
26 35
26 45
26 51
26 64
26 67
26 81
26 82
26 86
27 28
27 39
27 44
27 46
27 63
27 67
27 71
27 77
27 78
27 95
28 31
28 34
28 39
28 41
28 63
28 73
28 78
28 83
28 88
28 93
29 40
29 50
29 59
29 64
29 69
29 79
29 90
29 97
30 57
30 61
30 84
30 87
31 42
31 62
31 68
31 82
31 97
32 33
32 63
32 80
32 92
32 98
33 48
33 54
33 58
33 64
33 68
33 75
33 77
33 85
33 96
33 97
34 45
34 53
34 79
35 57
35 64
35 72
35 75
35 76
35 81
35 82
35 94
35 95
35 96
36 37
36 41
36 52
36 65
36 73
36 74
36 75
36 93
37 39
37 62
37 70
37 72
37 79
37 89
37 92
37 97
38 54
38 63
38 64
39 57
39 60
39 67
39 71
39 77
39 91
40 77
41 79
41 80
41 93
41 97
42 52
42 59
42 61
42 65
42 77
42 84
42 86
42 87
42 91
43 51
43 53
43 56
43 58
43 61
43 65
43 77
43 86
43 92
44 51
44 68
44 75
44 98
44 99
45 54
45 57
45 62
45 66
45 76
45 80
45 85
45 91
46 73
46 87
46 94
47 55
47 71
47 76
47 81
47 82
47 85
47 86
48 66
48 68
48 76
48 80
48 96
49 62
49 65
49 76
49 92
49 93
49 95
49 99
50 51
50 60
50 72
50 74
50 77
50 88
51 52
51 70
51 72
51 73
51 74
51 79
51 89
51 90
51 92
51 93
51 99
52 53
52 61
52 72
52 80
52 82
52 99
53 58
53 74
53 80
53 92
53 95
53 98
54 56
54 66
54 68
54 69
54 75
54 81
54 86
54 89
54 99
55 64
55 82
55 88
55 91
55 94
56 60
56 63
56 71
56 75
56 81
56 98
57 61
57 83
57 88
57 90
58 78
58 83
58 85
58 87
58 90
58 92
59 67
59 69
59 70
59 80
59 86
59 87
60 91
61 66
61 79
61 88
61 90
61 91
62 67
62 68
62 69
62 74
62 83
62 95
62 96
62 98
63 78
63 79
64 70
64 82
64 89
64 92
64 95
65 78
65 95
66 90
67 75
67 76
68 91
69 73
69 75
69 83
69 92
69 94
70 76
70 96
71 85
71 86
71 90
72 76
72 82
72 83
72 84
73 76
73 86
73 87
73 89
74 92
74 95
74 97
75 87
75 97
76 81
76 86
77 81
77 85
79 93
79 94
81 86
82 96
83 85
84 89
85 92
85 98
87 98
88 93
89 90
89 94
90 93
