100 500
0 10
0 12
0 19
0 24
0 30
0 53
0 54
0 55
0 71
0 75
0 84
0 85
1 2
1 7
1 11
1 17
1 18
1 28
1 29
1 46
1 55
1 81
1 84
2 15
2 23
2 24
2 37
2 44
2 62
2 86
2 92
3 8
3 10
3 18
3 30
3 40
3 56
3 59
3 69
3 78
3 91
3 98
4 5
4 13
4 22
4 25
4 40
4 41
4 57
4 60
4 65
4 80
4 97
5 38
5 39
5 43
5 49
5 51
5 70
5 72
5 80
5 84
5 93
6 9
6 14
6 21
6 26
6 27
6 32
6 37
6 38
6 54
6 55
6 65
6 68
6 94
6 97
7 28
7 29
7 46
7 59
7 60
7 66
7 67
7 71
7 72
7 81
7 83
8 16
8 45
8 60
8 64
8 76
8 90
9 14
9 21
9 43
9 44
9 51
9 57
9 60
9 71
9 72
9 79
9 85
9 92
9 95
9 96
10 18
10 19
10 21
10 27
10 32
10 52
10 70
10 75
10 76
10 77
10 79
11 21
11 23
11 28
11 37
11 44
11 50
11 59
11 67
11 85
11 98
12 23
12 34
12 40
12 50
12 71
12 73
13 23
13 30
13 34
13 36
13 45
13 71
13 85
13 94
14 34
14 35
14 76
14 93
14 96
15 22
15 37
15 41
15 58
15 60
15 68
15 84
15 95
16 30
16 69
16 76
17 20
17 42
17 43
17 44
17 45
17 66
17 68
17 70
17 74
17 82
17 84
17 85
17 96
17 98
18 22
18 23
18 26
18 28
18 45
18 46
18 60
18 64
18 94
19 22
19 24
19 25
19 38
19 47
19 55
19 71
19 86
19 87
19 92
20 27
20 58
20 61
20 81
20 84
20 89
20 97
21 22
21 29
21 33
21 34
21 39
21 50
21 55
21 61
21 63
21 64
21 86
21 88
21 91
22 40
22 43
22 49
22 72
22 76
22 81
23 42
23 43
23 53
23 67
24 37
24 58
24 81
24 83
24 92
24 97
25 27
25 31
25 44
25 48
25 60
25 73
25 98
26 53
26 55
26 57
26 74
26 83
26 93
26 94
26 99
27 50
27 65
27 69
27 87
27 94
27 98
27 99
28 34
28 39
28 54
28 70
28 77
28 86
28 87
28 95
29 42
29 56
29 58
29 61
29 82
30 50
30 83
30 89
30 96
30 98
31 32
31 41
31 45
31 58
31 62
31 68
31 71
31 91
32 55
32 93
33 34
33 36
33 46
33 48
33 53
33 74
33 77
33 78
33 79
33 87
34 41
34 47
34 56
34 70
34 86
34 89
35 67
35 82
36 39
36 59
36 75
36 79
36 96
37 60
37 68
37 69
37 72
37 77
37 83
37 91
38 42
38 51
38 59
38 66
38 81
39 52
39 56
39 84
39 92
39 97
40 46
40 54
40 55
40 76
40 88
40 89
40 92
40 95
40 99
41 43
41 60
41 71
42 52
42 53
42 64
42 67
42 76
42 79
42 85
42 87
42 89
42 93
43 54
43 60
43 67
43 74
43 87
43 95
44 53
44 57
44 60
44 64
44 91
44 94
44 95
44 97
45 58
45 66
45 67
45 84
45 97
45 99
46 55
46 63
46 87
46 97
47 69
47 71
47 87
47 88
48 56
48 70
48 73
49 71
49 78
49 79
49 81
50 66
50 81
50 89
50 90
50 92
50 98
50 99
51 66
51 97
52 69
52 72
52 85
52 97
53 58
53 61
53 74
53 87
53 89
54 66
54 77
55 56
55 63
55 75
56 87
56 96
56 98
57 90
58 63
58 75
59 63
59 84
59 88
59 97
60 61
60 66
60 75
60 82
60 88
60 98
61 62
61 68
61 77
61 78
61 83
61 85
61 94
61 98
62 63
63 64
63 66
63 75
63 81
63 83
63 95
64 78
64 88
64 90
65 66
65 70
65 73
65 81
65 87
65 91
65 95
65 96
66 73
66 74
66 80
66 84
66 86
67 83
67 95
67 98
68 71
68 81
68 93
69 83
69 90
69 93
70 71
70 76
70 84
70 95
70 98
71 75
71 85
71 92
71 94
72 75
72 82
72 91
74 80
74 84
74 87
74 89
74 93
74 95
75 79
75 82
75 86
75 97
76 77
76 78
76 91
76 95
77 93
78 89
78 99
79 81
79 89
79 92
81 84
82 94
83 86
83 87
83 95
83 97
84 85
84 87
84 89
85 95
86 91
94 96
95 99
97 99
