100 500
0 19
0 25
0 32
0 35
0 50
0 61
0 62
0 74
0 78
0 93
1 24
1 46
1 51
1 56
1 58
1 90
2 23
2 31
2 36
2 55
2 64
2 88
2 93
2 99
3 4
3 12
3 15
3 21
3 40
3 62
3 65
3 69
3 79
4 5
4 8
4 24
4 27
4 29
4 32
4 37
4 50
4 54
4 76
4 86
4 97
5 11
5 21
5 36
5 49
5 55
5 72
5 88
5 93
6 22
6 28
6 33
6 66
6 68
6 75
6 76
6 95
7 11
7 17
7 18
7 20
7 22
7 31
7 53
7 57
7 87
7 92
7 94
7 98
8 26
8 38
8 45
8 53
8 83
9 16
9 17
9 23
9 24
9 25
9 27
9 43
9 53
9 73
10 12
10 24
10 40
10 46
10 56
10 63
10 65
10 66
10 83
10 96
10 97
11 17
11 19
11 41
11 57
11 58
11 68
11 79
11 84
11 86
11 89
11 98
12 22
12 31
12 37
12 49
12 59
12 63
12 64
12 83
12 85
13 14
13 19
13 26
13 63
13 69
13 75
13 78
13 84
13 88
13 92
13 95
13 97
14 15
14 20
14 21
14 22
14 24
14 32
14 36
14 60
14 69
14 77
14 85
15 29
15 31
15 45
15 61
15 67
15 78
15 82
15 88
16 28
16 34
16 54
16 67
16 77
16 98
17 28
17 45
17 64
17 68
17 73
17 85
17 86
17 91
17 99
18 21
18 22
18 24
18 26
18 74
18 78
18 87
18 92
18 94
18 97
18 99
19 65
19 72
19 75
19 79
20 27
20 32
21 24
21 29
21 31
21 35
21 36
21 38
21 44
21 75
21 84
22 27
22 37
22 44
22 45
22 57
22 58
22 59
22 75
22 78
22 81
22 84
22 94
23 36
23 42
24 33
24 45
24 53
24 54
24 58
24 62
24 81
24 82
24 86
25 29
25 31
25 43
25 58
25 60
25 64
25 70
25 75
25 88
25 89
25 90
25 95
26 28
26 36
26 50
26 59
26 70
26 72
26 80
26 90
26 97
27 37
27 56
27 57
27 69
27 74
27 80
27 81
27 88
28 65
28 79
28 91
28 94
28 95
29 80
30 62
30 96
30 99
31 45
31 74
31 79
31 82
31 85
31 86
31 87
31 91
32 41
32 42
32 46
32 50
32 52
32 56
32 62
32 64
32 75
32 80
32 83
32 92
32 96
33 43
33 48
33 62
33 74
33 80
33 84
33 87
33 90
34 37
34 38
34 41
34 46
34 62
34 69
34 78
35 54
35 55
35 62
35 70
35 72
35 75
35 77
36 67
36 68
36 87
36 89
37 39
37 43
37 60
37 71
37 72
37 73
37 74
37 77
38 44
38 48
38 55
38 57
38 80
38 87
39 48
39 59
39 71
39 79
39 83
40 98
41 43
41 47
41 53
41 55
41 59
41 86
41 89
41 90
41 94
42 56
42 57
42 82
42 98
43 47
43 50
43 52
43 53
43 57
43 59
43 65
43 86
44 51
44 59
44 96
44 99
45 57
45 69
45 72
45 85
45 91
45 92
45 96
45 97
46 67
46 74
46 79
47 72
47 79
47 90
47 99
48 63
48 69
48 74
48 97
49 50
49 66
49 69
49 79
49 92
49 98
50 60
50 66
50 74
51 65
51 68
51 73
51 75
51 78
52 59
52 62
52 69
52 72
52 82
52 83
52 91
52 99
53 59
53 78
53 83
53 89
53 90
54 55
54 60
54 66
54 67
54 74
54 79
54 90
55 56
55 65
55 81
55 82
55 85
55 91
55 96
56 64
56 77
56 87
57 75
57 77
58 77
59 73
59 79
59 89
60 66
60 68
60 89
61 63
61 67
61 72
61 74
61 85
62 95
62 96
62 98
63 73
63 82
63 83
63 95
64 81
64 83
64 92
64 95
64 98
65 70
65 82
66 71
66 72
66 73
67 72
67 74
67 85
68 72
68 82
68 86
68 88
68 96
68 97
69 71
69 74
69 98
70 74
70 91
70 93
71 72
71 90
71 93
71 97
71 98
72 74
72 78
72 90
73 76
73 84
73 97
74 80
74 81
74 89
74 90
75 84
75 94
76 79
76 97
76 98
79 80
79 81
79 82
79 93
80 87
80 88
81 91
81 94
82 91
82 98
83 88
83 92
83 95
83 98
84 95
85 89
85 93
87 91
87 95
87 98
87 99
88 93
88 95
90 95
90 98
90 99
91 95
95 99
