100 500
0 3
0 5
0 12
0 18
0 19
0 29
0 32
0 43
0 46
0 49
0 52
0 62
0 67
0 72
1 7
1 12
1 26
1 38
1 40
1 47
1 55
1 64
1 65
1 84
2 29
2 59
2 62
2 68
2 70
2 75
2 87
2 96
3 4
3 12
3 21
3 25
3 27
3 31
3 36
3 38
3 41
3 42
3 53
3 63
3 67
3 76
3 91
3 93
4 6
4 19
4 41
4 42
4 70
4 73
4 75
4 77
4 79
4 82
4 83
4 90
5 13
5 14
5 31
5 40
5 42
5 49
5 64
5 88
5 89
5 97
6 9
6 11
6 27
6 34
6 48
6 61
6 62
6 75
6 79
6 83
7 12
7 14
7 16
7 24
7 34
7 42
7 48
7 67
7 89
7 91
7 92
8 13
8 18
8 22
8 29
8 32
8 38
8 45
8 49
8 75
8 81
8 95
8 96
9 18
9 25
9 27
9 50
9 52
9 64
9 65
9 71
9 73
9 81
9 82
9 84
9 87
9 88
10 19
10 20
10 28
10 55
10 67
10 98
11 24
11 55
11 58
11 61
11 64
11 69
11 72
11 90
12 17
12 33
12 43
12 47
12 48
12 63
12 65
12 74
12 80
13 16
13 31
13 39
13 43
13 45
13 47
13 64
13 82
13 84
13 86
13 90
13 93
14 19
14 24
14 28
14 33
14 48
14 73
14 79
14 83
14 85
14 87
14 90
15 20
15 25
15 32
15 36
15 38
15 62
15 73
15 77
15 83
15 88
15 96
16 21
16 22
16 42
16 45
16 48
16 59
16 86
16 91
17 20
17 38
17 44
17 46
17 54
17 72
17 75
17 81
17 99
18 53
18 73
18 97
19 34
19 38
19 41
19 42
19 44
19 47
19 59
19 62
19 67
19 89
19 92
20 26
20 39
20 46
20 48
20 74
20 81
20 82
20 91
20 95
21 25
21 39
21 47
21 55
21 56
21 65
22 33
22 34
22 36
22 43
22 49
22 54
22 57
22 68
22 76
22 78
23 24
23 38
23 39
23 44
23 80
24 52
24 68
24 69
24 85
24 90
24 99
25 31
25 60
25 67
25 68
25 72
25 84
25 85
25 96
26 34
26 41
26 53
26 71
26 73
26 87
26 91
26 98
27 35
27 74
27 81
27 98
27 99
28 31
28 39
28 54
28 78
28 90
29 48
29 86
29 94
29 95
30 32
30 45
30 54
30 69
30 96
30 99
31 43
31 50
31 87
32 38
32 68
32 84
32 96
33 37
33 40
33 48
33 56
33 60
33 66
33 68
33 73
33 83
33 89
33 90
34 36
34 47
34 83
34 94
34 98
35 38
35 41
35 44
35 49
35 77
35 95
36 44
36 45
36 83
36 85
38 40
38 48
38 55
38 73
38 83
38 97
39 68
39 80
39 82
40 52
40 55
40 62
40 72
40 99
41 48
41 53
41 63
41 67
41 77
41 79
41 93
41 97
42 50
42 64
42 66
42 67
42 69
42 75
42 81
42 87
42 92
42 93
43 46
43 71
43 73
43 99
44 73
44 77
44 88
44 95
44 96
45 47
45 62
45 75
45 80
45 87
46 54
46 64
46 75
46 76
47 59
47 69
47 79
48 57
48 71
48 77
48 79
48 99
49 54
49 97
50 57
50 62
50 66
50 74
50 93
50 96
51 64
51 65
51 84
52 57
52 89
52 95
52 98
53 67
53 70
53 74
53 75
53 80
54 59
54 61
54 62
54 86
55 67
55 71
55 75
55 77
55 87
55 96
56 72
56 75
56 85
56 92
56 97
57 75
57 78
57 85
58 59
58 63
58 68
58 72
58 80
58 83
59 79
59 90
59 98
60 69
60 70
60 75
60 93
61 87
61 89
62 65
62 82
62 83
62 92
62 98
63 70
63 73
63 90
64 70
64 75
64 87
65 68
65 70
65 87
65 88
66 67
66 76
66 85
66 89
66 90
66 94
66 99
67 72
67 73
67 84
67 86
67 91
67 97
68 71
68 85
68 89
68 95
68 98
69 80
69 86
70 72
70 74
70 77
70 80
70 88
70 95
71 77
71 86
71 88
71 90
71 95
72 90
72 91
73 77
73 81
74 76
75 97
75 99
76 89
76 98
77 81
78 90
79 91
79 94
79 99
80 98
81 83
82 96
83 91
83 94
84 97
85 91
85 94
85 98
87 89
88 91
88 95
89 90
89 94
89 96
91 99
92 94
93 97
96 97
