100 500
0 19
0 23
0 24
0 35
0 39
0 42
0 44
0 58
0 60
0 63
0 66
0 86
0 94
1 3
1 7
1 8
1 17
1 21
1 42
1 53
1 71
1 75
1 89
2 9
2 17
2 19
2 54
2 60
2 72
2 99
3 20
3 29
3 32
3 48
3 73
3 76
3 89
3 95
4 6
4 36
4 42
4 53
4 57
4 68
4 72
4 95
5 15
5 20
5 21
5 38
5 48
5 59
5 63
5 82
5 88
6 9
6 16
6 19
6 23
6 24
6 38
6 45
6 53
6 64
6 94
7 11
7 18
7 25
7 39
7 48
7 68
7 69
7 76
7 98
8 16
8 21
8 29
8 34
8 35
8 50
8 69
8 71
8 76
8 79
8 87
8 92
8 95
9 21
9 39
9 47
9 48
9 49
9 69
9 81
9 92
9 95
10 15
10 16
10 17
10 37
10 38
10 40
10 42
10 46
10 48
10 62
10 67
10 71
10 77
10 94
11 44
11 47
11 82
12 16
12 17
12 24
12 29
12 36
12 40
12 85
12 87
12 95
13 18
13 25
13 58
13 63
13 64
13 76
13 89
13 91
13 94
13 97
14 44
14 63
14 72
14 89
15 18
15 49
15 54
15 68
15 69
15 77
16 22
16 27
16 32
16 39
16 43
16 46
16 49
16 64
16 98
17 18
17 42
17 51
17 67
17 71
17 91
17 96
17 99
18 26
18 36
18 40
18 41
18 60
18 64
18 69
18 75
18 83
18 93
18 95
19 23
19 42
19 51
19 52
19 56
19 57
19 58
19 83
19 91
20 21
20 25
20 28
20 38
20 41
20 46
20 71
20 75
20 81
20 92
21 30
21 33
21 84
22 24
22 39
22 42
22 70
22 73
22 80
22 87
22 90
22 97
23 25
23 85
23 95
23 96
24 27
24 38
24 41
24 42
24 43
24 54
24 59
24 61
24 75
24 76
24 95
25 49
25 52
25 57
25 83
26 29
26 32
26 38
26 46
26 54
26 56
26 88
27 36
27 45
27 48
27 73
27 96
28 43
28 45
28 51
28 58
28 65
28 71
28 75
28 86
28 91
28 97
29 32
29 39
29 52
29 69
29 73
29 76
29 77
29 88
29 94
30 45
30 51
30 59
30 64
30 75
30 76
30 80
30 82
30 90
30 94
31 41
31 46
31 52
31 53
31 60
31 69
31 76
32 39
32 50
32 64
32 65
32 73
32 82
33 43
33 45
33 57
33 58
33 65
33 82
33 86
33 94
33 95
34 36
34 43
34 51
34 81
34 87
35 50
35 74
35 77
35 82
35 86
35 88
35 93
35 97
36 45
36 59
36 64
36 65
36 79
36 86
37 38
37 42
37 52
37 55
37 72
37 80
38 57
38 62
38 87
39 45
39 46
39 52
39 53
39 70
39 88
39 91
40 42
40 50
40 80
40 82
40 88
40 92
41 51
41 55
41 61
41 98
42 67
42 76
42 78
42 79
42 83
42 84
42 90
43 52
43 55
43 63
43 85
44 47
44 62
44 76
44 84
44 91
45 61
45 83
45 86
45 87
45 90
45 93
45 94
45 99
46 53
46 67
46 72
46 88
46 89
46 97
46 98
47 57
47 64
47 65
47 69
47 85
48 51
48 59
48 63
48 66
48 77
48 89
48 93
48 94
49 64
49 67
49 96
50 56
50 64
50 74
50 86
51 53
51 61
51 79
52 62
52 64
52 71
52 73
52 85
52 91
52 92
52 93
53 74
53 77
53 99
54 56
54 64
54 75
54 81
54 86
55 57
55 78
55 87
55 94
56 59
56 78
56 84
56 86
56 97
57 75
57 77
57 81
57 86
58 65
58 72
58 82
58 91
59 77
59 93
60 67
60 90
60 95
61 69
61 92
61 99
62 65
62 69
62 80
62 85
62 89
62 90
62 96
63 75
63 79
63 80
63 95
64 71
64 72
64 99
65 82
65 93
66 68
66 72
66 84
66 85
66 90
66 93
66 97
66 98
67 70
67 74
67 75
67 76
67 80
69 74
70 72
70 85
70 89
70 95
70 99
71 77
71 81
71 86
71 99
72 96
72 98
73 79
73 81
73 90
73 92
73 99
74 96
75 78
75 88
75 93
76 86
77 78
77 89
77 99
78 86
79 89
79 90
79 91
79 98
82 86
82 87
82 88
82 99
83 84
84 85
84 90
85 88
86 98
87 91
88 90
89 90
89 99
90 97
91 93
91 94
92 98
93 95
