100 500
0 10
0 11
0 12
0 23
0 27
0 44
0 50
0 59
0 86
0 87
0 94
0 97
1 2
1 13
1 16
1 21
1 30
1 37
1 50
1 53
1 60
1 63
1 65
1 67
1 72
1 81
2 15
2 19
2 20
2 34
2 35
2 39
2 46
2 68
2 73
2 92
3 15
3 16
3 17
3 25
3 31
3 66
3 67
3 76
3 87
3 96
4 7
4 11
4 12
4 16
4 45
4 47
4 48
4 59
4 63
4 89
4 97
5 18
5 22
5 44
5 55
5 66
5 68
5 79
5 89
5 93
5 95
6 10
6 20
6 98
7 10
7 11
7 15
7 16
7 21
7 34
7 42
7 51
7 59
7 74
7 89
7 90
8 14
8 20
8 25
8 31
8 42
8 43
8 54
8 64
8 66
8 68
8 75
8 82
8 83
8 90
9 21
9 23
9 46
10 14
10 17
10 18
10 35
10 43
10 49
10 53
10 64
10 68
10 71
10 74
10 75
10 81
10 89
10 94
10 98
11 20
11 27
11 29
11 43
11 69
11 75
11 87
12 50
12 55
12 66
12 69
12 72
12 79
13 14
13 30
13 35
13 46
13 52
13 56
13 57
13 77
13 86
13 92
14 42
14 46
14 51
14 55
14 59
14 61
14 62
14 63
14 84
14 87
15 25
15 28
15 31
15 35
15 43
15 46
15 47
15 79
15 93
16 19
16 23
16 52
16 85
16 88
16 91
17 35
17 41
17 66
17 73
18 23
18 35
18 42
18 46
18 47
18 49
18 64
18 79
18 98
19 22
19 23
19 47
19 48
19 53
19 55
19 74
20 42
20 61
20 64
20 66
20 83
20 87
20 93
21 29
21 34
21 39
21 57
21 60
21 63
21 70
21 75
21 77
21 86
21 88
22 32
22 47
22 52
22 60
22 63
23 24
23 26
23 37
23 45
23 66
23 68
23 71
23 78
23 93
24 33
24 37
24 41
24 46
24 55
24 56
24 57
24 65
24 77
24 78
24 85
24 89
25 50
25 61
25 71
25 74
25 76
25 77
25 80
25 81
26 34
26 35
26 63
27 32
27 35
27 48
27 62
27 63
27 70
27 89
27 93
27 94
28 44
28 49
28 50
28 54
28 62
28 91
28 98
29 34
29 47
29 63
29 70
29 72
29 79
29 83
29 86
29 99
30 37
30 41
30 45
30 51
30 54
30 56
30 69
30 76
30 78
30 83
30 87
30 98
31 32
31 49
31 53
31 59
31 67
31 84
31 91
32 37
32 53
32 54
32 57
32 68
32 69
33 40
33 48
33 54
33 58
33 60
33 61
33 65
33 72
33 75
33 86
33 91
33 96
34 50
34 51
34 58
34 65
34 74
34 75
34 78
34 87
34 93
34 94
35 44
35 62
35 77
35 88
35 91
36 53
36 55
36 63
36 69
36 79
36 86
36 87
36 93
37 66
37 78
37 81
37 91
38 51
38 76
38 85
38 90
38 92
38 94
39 45
39 53
39 62
39 65
39 87
39 99
40 45
40 68
40 69
40 78
40 97
41 46
41 55
41 67
41 73
41 74
41 75
41 78
41 84
41 85
41 92
42 48
42 60
42 83
42 85
43 51
43 78
43 82
44 61
44 65
44 77
44 81
44 86
45 46
45 49
45 50
45 56
45 64
45 66
46 57
46 64
46 96
47 48
47 49
47 57
47 82
47 83
47 90
48 67
48 77
48 91
48 93
48 95
48 96
48 99
49 56
49 69
49 70
50 70
50 78
50 82
50 92
51 62
51 75
51 90
52 54
52 79
52 82
52 91
53 65
53 71
53 90
53 93
53 94
54 57
54 77
55 64
55 65
55 94
56 61
56 87
56 89
56 97
57 60
57 63
57 67
57 74
57 75
57 82
57 83
57 99
58 60
59 81
59 92
59 93
60 69
60 76
61 73
61 74
61 77
61 84
61 94
61 99
62 92
62 98
63 64
63 85
63 87
64 73
64 79
64 81
64 88
65 66
65 74
65 75
65 81
65 85
65 90
66 68
66 69
66 82
66 90
66 96
67 83
67 96
69 70
69 78
69 81
70 76
70 93
70 95
70 96
71 96
72 80
72 89
74 83
74 85
75 88
75 96
76 81
76 83
76 87
76 96
76 98
77 80
77 99
78 96
79 96
79 97
79 99
81 85
81 92
82 90
83 87
83 91
84 88
84 93
87 88
87 92
88 89
88 92
88 93
88 94
91 98
92 98
92 99
98 99
