100 500
0 9
0 27
0 31
0 37
0 39
0 44
0 47
0 61
0 74
0 79
0 87
1 5
1 26
1 37
1 45
1 47
1 70
1 76
1 85
2 49
2 63
2 69
2 83
2 92
3 8
3 17
3 22
3 33
3 38
3 41
3 43
3 52
3 54
3 99
4 46
4 60
4 63
4 64
4 75
5 9
5 10
5 18
5 28
5 50
5 54
5 58
5 61
5 64
5 66
5 89
6 9
6 25
6 26
6 27
6 44
6 47
6 51
6 54
6 57
6 65
6 74
6 75
6 94
7 17
7 26
7 35
7 36
7 39
7 59
7 62
7 63
7 95
8 11
8 21
8 26
8 34
8 47
8 50
8 54
8 58
8 65
8 97
9 14
9 36
9 37
9 46
9 66
9 68
9 78
9 83
9 98
10 18
10 39
10 51
10 53
10 66
10 79
10 92
11 12
11 22
11 33
11 45
11 56
11 67
11 73
11 86
11 90
12 39
12 40
12 49
12 66
12 90
13 27
13 36
13 41
13 47
13 85
13 87
13 93
13 98
14 26
14 27
14 34
14 36
14 37
14 39
14 44
14 57
14 80
14 86
14 88
15 21
15 23
15 35
15 60
15 70
15 84
15 91
15 93
15 95
15 97
16 51
16 61
16 70
16 96
17 30
17 72
17 74
18 31
18 40
18 41
18 43
18 50
18 51
18 59
18 73
18 79
18 80
18 83
18 86
19 44
19 58
19 65
19 69
19 77
19 88
19 89
19 90
19 91
20 25
20 45
20 47
20 81
20 96
21 23
21 24
21 29
21 47
21 48
21 71
21 72
21 86
21 92
22 32
22 35
22 42
22 54
22 66
22 97
23 27
23 48
23 49
23 61
23 69
23 99
24 28
24 31
24 45
24 48
24 81
25 40
25 42
25 47
25 48
25 51
25 59
25 63
25 73
25 74
25 75
25 84
25 93
26 32
26 33
26 41
26 47
26 48
26 56
26 60
26 69
26 73
26 81
26 86
26 96
27 31
27 43
27 62
27 75
27 99
28 29
28 35
28 43
28 61
28 71
28 77
28 83
28 98
29 69
29 79
29 83
30 31
30 52
30 60
30 64
30 65
30 75
30 79
30 86
30 88
30 94
30 95
31 32
31 35
31 71
31 73
31 82
31 92
31 93
31 99
32 48
32 52
32 83
32 97
33 49
33 55
33 57
33 63
33 65
33 66
33 69
33 75
33 76
33 80
34 37
34 49
34 50
34 66
34 68
34 80
35 40
35 51
35 52
35 58
35 64
35 71
35 79
35 84
35 89
36 60
36 62
36 71
36 73
36 79
36 89
37 44
37 54
37 59
37 73
37 75
37 78
38 72
38 84
38 89
39 49
39 74
39 78
39 83
39 89
40 53
40 72
40 80
40 92
40 98
41 46
41 51
41 85
41 88
41 91
41 98
42 61
42 65
42 68
42 72
42 75
42 82
43 61
43 65
43 69
43 81
43 83
43 90
43 91
43 93
44 48
44 49
44 54
44 55
44 58
44 71
44 98
45 71
45 85
45 89
45 92
46 47
46 65
46 70
46 99
47 79
47 89
48 60
48 85
48 96
49 62
49 72
49 89
49 94
49 99
50 55
50 57
50 58
50 65
50 75
50 82
50 85
50 91
51 70
51 71
51 75
51 76
51 99
52 59
52 74
52 87
52 94
52 98
52 99
53 68
53 97
54 56
54 68
54 81
55 56
55 57
55 67
55 84
55 86
55 96
56 88
56 96
57 62
57 79
57 82
57 83
57 87
57 97
58 60
58 61
58 63
58 65
58 70
58 81
58 84
58 96
59 60
59 62
59 64
59 81
59 93
60 66
60 80
60 89
61 74
61 79
61 86
61 91
61 92
61 98
62 68
62 72
63 66
63 68
63 73
63 75
63 76
63 85
63 90
63 96
64 81
64 91
64 97
65 67
65 72
65 73
65 87
65 89
66 69
66 71
66 76
66 83
66 87
66 98
67 71
68 94
69 70
69 77
69 81
69 84
70 78
70 94
71 87
71 89
71 90
72 88
72 96
73 74
73 78
73 86
73 93
73 98
74 79
74 80
75 79
75 89
76 93
76 99
77 79
77 81
77 83
77 88
77 91
77 98
77 99
79 81
79 92
79 93
79 99
80 94
80 97
81 85
81 97
82 96
82 98
83 88
83 89
83 90
83 97
85 88
86 99
87 88
87 98
88 91
88 96
88 97
89 92
89 95
90 91
90 95
92 96
93 99
