100 500
0 2
0 25
0 35
0 71
0 94
1 2
1 45
1 69
1 73
1 85
2 4
2 9
2 12
2 17
2 19
2 23
2 24
2 40
2 57
2 60
2 61
2 69
2 72
2 93
3 11
3 25
3 30
3 46
3 55
3 59
3 61
3 85
3 99
4 5
4 6
4 9
4 19
4 38
4 47
4 62
4 73
4 81
4 99
5 9
5 13
5 15
5 16
5 19
5 44
5 62
5 71
5 74
5 75
5 78
5 82
5 90
6 12
6 19
6 66
6 82
6 90
6 94
6 97
7 24
7 29
7 38
7 46
7 52
7 95
8 11
8 15
8 41
8 43
9 21
9 29
9 31
9 39
9 47
9 49
9 50
9 56
9 73
9 74
9 77
9 81
9 94
9 99
10 15
10 27
10 29
10 31
10 41
10 44
10 49
10 70
10 74
10 79
10 82
10 90
10 96
11 22
11 25
11 26
11 40
11 43
11 69
12 15
12 17
12 41
12 45
12 46
12 60
12 61
12 78
12 91
12 95
12 98
13 20
13 21
13 36
13 47
13 51
13 57
13 67
13 68
13 72
13 85
13 86
13 87
13 99
14 21
14 30
14 34
14 40
14 56
14 60
14 86
14 87
14 95
15 22
15 37
15 49
15 65
15 72
15 75
15 80
15 81
15 83
15 87
15 91
16 22
16 32
16 54
16 62
16 77
16 78
16 81
16 91
16 96
17 22
17 23
17 40
17 84
17 86
18 20
18 23
18 29
18 49
18 51
18 68
18 90
19 22
19 36
19 38
19 42
19 65
19 66
19 88
19 96
20 37
20 51
20 56
20 64
21 23
21 32
21 46
21 62
21 84
21 95
22 24
22 28
22 40
22 56
22 86
22 95
23 33
23 38
23 47
23 49
23 50
23 61
23 67
23 71
23 77
23 86
23 88
24 27
24 40
24 54
24 65
24 68
24 79
24 84
24 87
24 88
24 90
24 96
25 27
25 32
25 65
25 83
25 84
25 98
26 39
26 50
26 59
26 67
26 79
26 88
26 90
26 92
27 69
27 74
27 78
27 91
27 98
28 59
28 67
28 74
28 79
28 84
28 98
29 36
29 38
29 61
30 31
30 50
30 56
30 79
30 81
31 39
31 54
31 59
31 60
31 62
31 63
31 73
32 36
32 41
32 42
32 43
32 46
32 62
32 67
32 72
32 85
32 94
32 97
33 36
33 46
33 50
33 67
33 70
33 77
33 79
34 42
34 49
34 50
34 58
34 66
34 69
34 72
34 74
34 79
34 81
34 83
35 38
35 75
35 92
35 93
35 96
36 42
36 43
36 47
36 58
36 59
36 65
36 71
36 75
36 97
37 49
37 59
37 62
37 64
37 66
37 68
37 74
38 51
38 55
38 61
38 63
38 74
38 85
38 89
38 92
39 43
39 65
39 72
39 75
39 80
39 90
40 42
40 51
40 52
40 60
40 62
40 63
40 76
40 86
40 91
40 97
41 46
41 47
41 48
41 56
41 58
41 60
41 70
41 93
41 96
41 98
41 99
42 63
42 66
42 76
42 78
42 80
42 86
43 59
43 74
43 89
43 94
44 50
44 97
45 59
45 61
45 74
45 75
45 79
45 82
46 53
46 91
46 95
47 72
47 95
47 96
47 99
48 55
48 61
48 62
48 70
49 51
49 56
49 70
49 89
49 90
49 93
49 98
50 71
50 72
50 83
50 87
51 58
51 67
51 78
51 89
51 98
52 56
52 60
52 61
52 70
52 86
52 92
53 58
53 60
53 62
53 66
53 75
53 81
54 57
54 62
54 74
54 93
55 70
55 73
56 58
56 64
56 73
56 75
56 78
56 93
56 97
56 98
56 99
57 59
57 61
57 63
57 79
57 82
57 93
57 95
58 64
58 77
58 80
58 84
58 89
58 91
58 97
59 60
59 79
59 93
59 96
60 64
60 75
60 96
61 70
61 81
62 96
63 84
64 66
64 68
64 69
64 83
64 89
64 90
65 71
65 76
65 79
65 81
66 85
67 68
67 70
67 74
67 75
67 76
67 92
67 93
68 69
68 77
68 79
68 96
69 72
69 97
69 98
70 81
71 83
72 74
73 81
75 85
75 90
75 94
76 97
77 85
77 92
77 96
78 80
78 83
78 84
78 94
78 95
79 80
79 83
79 84
80 90
82 91
82 93
82 97
83 85
84 90
84 98
84 99
85 98
88 89
88 93
88 98
89 96
92 97
93 95
93 99
95 96
