100 500
0 5
0 16
0 19
0 30
0 34
0 42
0 59
0 62
1 8
1 28
1 30
1 34
1 44
1 46
1 48
1 49
1 88
2 13
2 37
2 42
2 47
2 67
2 99
3 8
3 9
3 29
3 38
3 43
3 44
3 46
3 52
3 68
3 75
3 85
3 87
4 21
4 26
4 35
4 38
4 39
4 60
4 64
4 77
4 93
5 11
5 18
5 27
5 32
5 37
5 38
5 45
5 48
5 53
5 63
5 66
5 67
5 77
5 82
5 88
5 90
6 22
6 33
6 39
6 44
6 49
6 59
6 61
6 65
6 67
7 15
7 16
7 17
7 27
7 36
7 46
7 58
7 75
7 89
7 93
7 95
8 9
8 11
8 24
8 31
8 32
8 33
8 46
8 54
8 79
9 35
9 38
9 56
9 66
9 69
9 73
9 78
9 92
9 96
9 99
10 22
10 29
10 52
10 73
10 75
10 80
10 84
10 88
10 93
11 21
11 41
11 43
11 48
11 52
11 57
11 64
11 66
11 83
11 87
12 28
12 35
12 44
12 57
12 65
12 72
12 73
13 15
13 33
13 43
13 61
13 67
13 71
13 72
13 87
14 20
14 32
14 50
14 51
14 56
14 83
14 88
15 17
15 30
15 40
15 54
15 57
15 67
15 69
15 80
15 81
15 83
15 84
15 86
15 95
16 27
16 42
16 49
16 51
16 52
16 64
16 87
16 91
16 97
16 98
17 29
17 39
17 46
17 70
17 74
17 87
17 90
17 92
17 93
18 26
18 33
18 44
18 47
18 55
18 67
18 79
18 96
18 98
19 24
19 39
19 47
19 54
19 73
20 42
20 65
20 67
21 24
21 26
21 27
21 30
21 39
21 50
21 51
21 70
21 86
21 97
21 98
22 41
22 42
22 45
22 55
22 56
22 57
22 62
23 33
23 76
23 81
23 84
23 87
24 30
24 36
24 42
24 44
24 66
24 80
24 95
24 97
25 29
25 31
25 46
25 68
25 73
25 87
25 97
26 49
26 53
26 54
26 65
26 90
26 94
27 28
27 46
27 47
27 49
27 54
27 60
27 63
27 69
27 90
27 91
28 49
28 62
28 71
28 72
28 82
28 88
28 94
28 96
29 38
29 39
29 47
29 50
29 52
29 77
29 82
29 95
29 97
30 32
30 40
30 80
30 94
30 95
30 98
31 37
31 59
31 65
31 77
31 83
31 91
31 97
32 59
32 72
32 74
32 81
32 83
33 41
33 50
33 61
33 72
33 73
33 81
33 82
33 84
33 92
34 35
34 60
34 70
34 83
34 94
34 95
34 96
35 46
35 62
35 66
35 75
35 77
35 90
36 37
36 40
36 54
36 62
36 65
36 72
36 85
37 41
37 49
37 50
37 56
37 60
37 76
37 77
37 92
38 41
38 42
38 48
38 51
38 52
38 63
38 65
38 71
38 78
38 90
39 53
39 61
39 79
40 41
40 44
40 47
40 49
40 68
40 70
40 76
40 91
41 43
41 52
41 60
41 62
41 64
41 77
41 85
41 94
42 61
42 65
42 84
42 94
42 97
42 98
43 58
43 92
44 49
44 84
45 48
45 51
45 99
46 58
46 63
46 68
46 79
46 88
46 90
46 95
47 49
47 53
47 68
47 85
48 51
48 52
48 54
48 67
48 89
48 94
48 95
49 65
49 76
49 79
50 53
50 54
50 58
50 66
50 73
50 74
50 89
50 91
50 98
51 77
51 81
52 71
52 74
52 89
52 94
53 56
53 61
53 65
53 69
53 71
53 74
53 80
53 93
53 95
54 69
54 79
54 83
54 93
55 59
55 64
55 65
55 74
55 76
55 78
55 91
55 92
55 95
56 60
56 67
57 75
57 76
57 96
58 60
58 73
58 81
58 95
59 66
59 68
59 77
59 83
60 61
60 66
60 75
60 76
60 80
60 81
60 94
60 99
62 72
62 82
62 85
63 65
63 67
63 71
63 72
63 76
63 78
63 79
63 91
64 72
64 76
64 79
64 80
64 93
65 73
65 75
65 92
66 82
66 87
66 95
67 68
68 93
68 98
69 78
69 87
70 89
70 91
70 96
71 79
72 74
72 87
72 89
72 96
72 99
73 92
73 95
74 97
75 90
77 79
77 91
77 92
78 82
79 98
80 98
81 91
81 92
81 97
82 89
82 92
83 95
84 89
84 98
84 99
86 96
87 97
88 89
89 90
90 95
90 98
90 99
95 98
96 97
