100 500
0 9
0 57
0 61
0 67
0 87
0 92
1 2
1 16
1 17
1 23
1 28
1 31
1 38
1 48
1 62
1 66
1 69
1 85
1 86
1 94
1 98
2 3
2 24
2 26
2 55
2 58
2 67
2 78
2 85
2 88
2 90
3 8
3 13
3 17
3 30
3 51
3 65
3 72
3 75
3 77
3 84
3 85
4 23
4 32
4 50
4 53
4 67
4 83
4 96
4 99
5 14
5 16
5 19
5 31
5 47
5 50
5 88
5 94
5 96
5 98
6 14
6 16
6 27
6 49
6 51
6 74
6 77
6 80
7 13
7 50
7 51
7 67
7 74
7 93
7 95
7 99
8 17
8 33
8 62
8 71
8 75
8 81
8 94
9 13
9 25
9 36
9 52
9 57
9 68
9 72
9 90
9 95
10 26
10 27
10 37
10 40
10 41
10 54
10 55
10 70
10 99
11 12
11 39
11 50
11 66
11 88
11 93
11 95
12 21
12 29
12 39
12 40
12 61
12 95
12 97
13 21
13 53
13 68
13 73
13 74
13 92
13 95
14 18
14 40
14 46
14 47
14 49
14 52
14 67
14 86
15 24
15 49
15 57
15 59
15 73
15 88
15 89
16 27
16 29
16 32
16 33
16 41
16 69
16 72
16 94
17 22
17 42
17 50
18 20
18 24
18 39
18 44
18 72
19 23
19 32
19 49
19 52
19 63
20 21
20 28
20 49
20 50
20 63
20 74
20 76
20 81
20 91
20 94
21 37
21 38
21 42
21 49
21 50
21 63
21 71
21 72
21 73
21 78
22 26
22 31
22 55
22 91
22 96
23 27
23 30
23 40
23 41
23 46
23 57
23 77
23 78
23 81
23 84
24 31
24 33
24 53
24 54
24 60
24 72
24 76
24 82
24 85
25 34
25 37
25 51
25 76
25 83
26 30
26 37
26 41
26 55
26 60
26 65
26 76
26 79
26 96
26 98
27 32
27 42
27 48
27 52
27 53
27 84
27 85
27 88
28 33
28 36
28 38
28 41
28 54
28 69
28 74
28 78
28 79
28 82
28 83
28 86
28 88
28 93
29 34
29 44
29 47
29 57
29 71
29 80
29 92
29 93
29 94
29 96
29 97
30 69
30 70
30 91
31 36
31 42
31 46
31 63
31 78
31 92
31 99
32 50
32 57
32 69
32 82
32 87
32 97
33 73
34 45
34 50
34 55
34 58
34 61
34 77
35 46
35 51
35 72
35 82
35 83
35 84
35 86
35 96
36 42
36 63
36 80
36 84
36 89
36 94
37 38
37 65
37 68
37 76
37 88
37 95
38 43
38 59
38 83
38 90
38 93
38 96
38 99
39 45
39 49
39 56
39 64
39 74
40 42
40 47
40 69
40 71
40 85
40 88
41 42
41 66
41 68
41 83
42 53
42 64
42 65
42 71
42 72
42 73
42 82
42 83
42 99
43 46
43 48
43 52
43 64
43 73
43 92
44 54
44 86
44 89
44 94
44 95
45 57
45 59
45 63
45 64
45 67
45 78
45 95
45 96
46 60
46 74
46 93
46 99
47 89
47 95
47 96
47 97
48 54
48 75
48 77
48 79
48 80
48 89
48 92
49 98
50 57
50 65
50 70
50 91
50 95
50 99
51 66
51 69
51 76
51 80
51 88
52 59
52 62
52 68
52 69
53 54
53 58
53 84
53 88
53 99
54 62
54 63
54 68
54 69
54 71
54 89
54 94
54 95
54 99
55 59
55 69
55 72
55 77
56 61
56 67
56 71
56 84
56 85
57 69
57 72
57 97
58 64
58 67
58 72
58 76
58 78
58 81
58 87
58 90
59 73
59 78
59 80
59 88
59 89
59 93
59 95
60 69
60 83
60 87
61 66
61 68
61 76
61 84
61 87
62 68
62 71
62 95
62 97
63 70
63 76
63 89
63 93
64 67
64 87
64 99
65 76
65 91
66 69
66 73
66 76
66 82
66 83
66 87
66 90
66 98
67 71
67 98
68 81
68 82
68 83
68 92
69 87
69 99
70 71
70 97
70 99
71 89
71 94
72 74
72 77
72 82
72 83
72 87
72 94
73 94
73 96
74 77
74 93
75 76
75 84
76 88
76 91
76 94
76 95
76 99
77 78
77 81
77 82
77 93
77 98
78 92
79 89
79 90
79 97
80 90
81 82
81 92
81 98
82 84
82 97
83 85
83 90
84 88
84 97
85 87
85 88
86 92
88 89
89 94
91 97
97 99
