100 500
0 13
0 30
0 34
0 36
0 40
0 43
0 46
0 54
0 62
0 64
0 65
0 81
0 85
0 89
0 95
1 3
1 34
1 40
1 41
1 49
1 64
1 71
1 91
2 3
2 13
2 14
2 17
2 24
2 27
2 39
2 49
2 60
2 61
2 67
2 73
2 84
3 6
3 21
3 37
3 41
3 54
3 60
3 78
3 84
3 90
3 94
3 98
4 15
4 18
4 21
4 39
4 59
4 62
4 73
4 83
4 89
4 94
5 11
5 23
5 48
5 54
5 59
5 88
6 8
6 16
6 17
6 18
6 25
6 57
6 75
7 23
7 26
7 47
7 50
7 67
8 17
8 47
8 61
8 82
8 91
9 17
9 20
9 29
9 40
9 48
9 66
9 67
9 70
10 17
10 36
10 43
10 59
10 65
10 76
10 78
10 95
11 44
11 46
11 50
11 62
11 73
11 83
11 97
12 16
12 21
12 63
12 64
12 66
12 75
12 87
13 20
13 21
13 39
13 40
13 42
13 44
13 48
13 51
13 67
13 69
13 73
13 77
13 80
13 84
13 95
13 99
14 23
14 28
14 32
14 36
14 57
14 64
14 89
14 92
15 31
15 55
15 63
15 67
15 75
15 96
15 98
16 26
16 27
16 42
16 48
16 49
16 58
16 68
16 77
16 83
17 22
17 24
17 28
17 34
17 41
17 45
17 54
17 55
17 66
17 68
17 71
17 79
17 81
18 26
18 27
18 34
18 40
18 60
18 77
18 95
18 99
19 23
19 25
19 31
19 41
19 49
19 50
19 55
19 58
19 64
19 85
19 87
19 88
19 90
19 94
20 32
20 36
20 41
20 45
20 50
20 54
20 73
20 74
20 81
20 93
21 24
21 69
21 77
21 89
21 92
21 94
21 97
22 47
22 48
22 49
22 63
22 91
22 97
23 31
23 36
23 64
23 69
23 81
24 36
24 42
24 44
24 50
24 88
25 32
25 39
25 54
25 62
25 77
26 51
26 52
26 60
26 65
26 78
26 84
27 31
27 36
27 46
27 51
27 58
27 89
27 90
27 94
27 96
27 99
28 41
28 65
28 67
28 68
28 69
28 74
28 83
28 85
28 97
29 32
29 51
29 91
30 36
30 39
30 41
30 73
30 74
30 75
31 34
31 36
31 40
31 41
31 42
31 43
31 57
31 65
31 75
31 77
31 94
31 97
32 46
32 59
32 74
32 76
32 78
32 81
32 85
32 91
33 36
33 38
33 55
33 57
33 71
33 75
34 41
34 43
34 50
34 52
34 68
34 70
34 85
34 87
35 53
35 56
35 58
36 45
36 63
36 75
36 80
36 90
37 39
37 49
37 57
37 65
37 67
38 40
38 41
38 42
38 56
38 64
38 87
38 95
39 57
39 69
39 72
39 74
40 41
40 48
41 64
41 69
41 74
41 78
42 43
42 70
43 57
43 75
43 76
43 88
43 99
44 47
44 66
44 82
44 86
44 89
45 46
45 56
45 63
46 51
46 76
46 94
46 96
47 49
47 62
47 68
47 77
47 83
47 89
47 92
48 49
48 52
48 53
48 69
48 72
48 79
48 81
48 84
48 86
48 89
48 99
49 59
49 63
49 79
49 92
50 51
50 60
50 62
50 66
50 89
50 92
50 97
51 64
51 71
51 80
51 87
52 78
52 79
52 92
53 67
53 69
53 79
53 89
53 94
54 75
54 77
54 79
54 84
54 88
55 69
55 72
55 80
55 83
55 86
55 94
55 95
56 71
56 86
57 72
57 86
57 91
57 94
58 62
58 71
58 74
58 81
58 85
59 76
60 77
60 98
60 99
61 62
61 64
61 70
61 88
62 66
62 68
62 75
63 65
63 72
63 83
63 92
63 98
64 76
64 79
64 83
64 87
64 91
65 70
65 80
65 85
65 87
65 91
66 73
66 79
66 92
66 98
67 70
67 78
67 82
67 93
68 79
68 91
69 75
69 84
69 93
70 85
70 88
70 92
70 94
70 96
70 99
71 76
71 86
71 96
72 81
72 97
73 75
73 86
73 93
73 94
73 97
74 79
74 98
75 78
75 89
75 91
76 91
76 92
77 85
77 87
78 83
78 86
78 87
78 89
79 88
79 89
80 91
81 85
81 89
81 92
81 98
82 86
82 90
82 94
83 85
83 98
84 88
85 96
86 89
86 94
87 90
88 89
88 95
88 99
89 90
89 92
90 92
90 95
92 93
92 98
93 97
98 99
