100 500
0 28
0 33
0 37
0 43
0 46
0 56
0 58
0 61
0 87
1 9
1 13
1 23
1 30
1 35
1 40
1 60
1 74
1 75
1 81
1 90
1 98
2 12
2 14
2 16
2 29
2 34
2 60
2 71
2 83
2 87
2 91
2 96
3 14
3 27
3 43
3 50
3 61
3 79
3 85
3 95
4 5
4 39
4 40
4 59
4 76
4 79
4 84
5 16
5 18
5 23
5 34
5 35
5 56
5 58
5 60
5 70
5 77
6 13
6 22
6 43
6 51
6 57
6 60
6 73
6 84
6 85
7 14
7 21
7 34
7 35
7 63
7 64
7 75
7 77
7 89
7 91
7 93
7 95
7 98
8 12
8 19
8 23
8 36
8 56
8 60
8 64
8 65
8 66
8 73
8 76
8 80
8 93
9 18
9 23
9 26
9 40
9 52
9 76
9 81
9 91
10 11
10 18
10 27
10 28
10 29
10 44
10 46
10 48
10 50
10 64
10 83
10 93
11 20
11 24
11 25
11 52
11 54
11 65
11 67
11 70
11 83
11 85
12 23
12 35
12 37
12 73
12 95
13 17
13 28
13 30
13 32
13 39
13 40
13 49
13 56
13 60
13 86
13 88
14 20
14 23
14 39
14 49
14 53
14 96
14 99
15 29
15 31
15 33
15 42
15 50
15 54
15 69
15 79
15 88
15 89
15 99
16 24
16 41
16 48
16 49
16 65
16 67
16 93
17 22
17 28
17 29
17 55
17 57
17 60
17 88
18 27
18 31
18 46
18 50
18 71
18 72
18 77
18 83
18 94
19 20
19 22
19 27
19 47
19 48
19 55
19 74
19 81
19 94
20 38
20 48
20 54
20 62
20 64
20 67
20 91
20 93
20 97
21 24
21 30
21 33
21 56
21 61
21 65
21 67
21 82
21 95
22 25
22 32
22 46
22 47
22 59
22 83
22 94
22 96
23 27
23 34
23 49
23 66
23 77
23 80
23 88
23 95
24 34
24 53
24 56
24 68
24 92
24 94
24 96
25 33
25 36
25 37
25 64
25 70
25 71
26 46
26 66
26 72
26 90
26 94
27 34
27 46
27 51
27 53
27 63
27 64
27 69
27 73
27 91
28 41
28 43
28 57
28 60
28 89
29 42
29 50
29 54
29 93
29 94
29 99
30 43
30 48
30 50
30 69
30 87
30 99
31 42
31 65
31 70
31 71
31 86
31 89
31 97
32 33
32 34
32 43
32 53
32 94
32 97
33 34
33 45
33 53
33 56
33 59
33 73
33 90
33 96
33 98
34 50
34 61
34 72
34 79
34 84
34 88
34 97
35 37
35 68
35 69
35 74
35 87
35 93
35 99
36 41
36 53
36 79
36 85
37 61
37 63
37 64
37 69
37 87
38 43
38 48
38 61
38 71
38 79
38 82
38 84
39 45
39 55
39 64
39 72
39 76
39 78
39 83
39 89
40 49
40 53
40 54
40 63
40 78
40 80
40 86
40 93
40 94
41 71
41 75
41 82
41 85
41 86
41 88
41 91
41 93
41 99
42 44
42 47
42 49
42 50
42 54
42 55
42 58
42 78
42 79
42 93
42 94
43 51
43 65
43 66
43 67
43 77
43 86
44 65
44 73
44 80
44 82
44 90
44 93
44 95
44 98
45 65
45 84
46 65
46 76
46 78
46 80
46 81
47 48
47 51
47 70
47 77
47 83
47 85
47 96
48 53
48 54
48 67
48 88
48 92
49 53
49 57
49 62
49 87
49 88
49 92
49 96
50 77
50 82
50 86
51 52
51 74
51 83
51 93
51 99
52 63
52 69
52 73
52 81
53 64
53 67
53 73
53 86
53 92
54 56
54 64
54 84
54 99
55 83
55 84
55 87
56 77
56 81
57 70
57 73
58 81
58 87
58 95
58 98
58 99
59 68
59 92
60 62
60 68
60 97
61 62
61 64
61 76
61 78
62 68
62 82
63 71
63 78
63 88
63 97
64 78
64 80
64 94
66 82
66 84
66 87
67 76
67 80
67 85
68 69
68 76
68 82
68 83
68 84
68 88
68 93
69 76
70 88
70 92
71 77
71 80
71 89
72 75
72 78
72 80
72 98
73 85
73 88
73 99
74 90
74 91
74 94
75 98
76 78
76 96
76 99
77 90
79 89
79 91
81 90
82 83
82 97
83 99
84 85
85 88
85 92
85 93
85 96
86 93
86 94
86 99
87 89
90 96
90 97
91 93
91 94
95 98
