100 500
0 12
0 26
0 29
0 36
0 47
0 50
0 52
0 87
1 6
1 11
1 32
1 46
1 51
1 54
1 58
1 81
1 87
1 96
2 13
2 21
2 27
2 28
2 32
2 36
2 38
2 47
2 50
2 51
2 54
2 69
2 83
2 86
2 91
3 10
3 49
3 95
4 11
4 14
4 35
4 36
4 47
4 58
4 60
4 62
4 66
4 71
4 76
4 80
5 7
5 9
5 19
5 24
5 28
5 30
5 53
5 61
5 62
5 68
5 69
5 71
5 75
5 88
5 91
5 93
6 18
6 20
6 24
6 30
6 38
6 53
6 62
6 69
6 78
6 79
6 95
6 97
7 24
7 43
7 44
7 45
7 48
7 50
7 53
7 56
7 61
7 66
7 72
8 21
8 22
8 23
8 24
8 25
8 30
8 49
8 53
8 76
8 96
9 24
9 32
9 38
9 55
9 61
9 70
9 77
9 81
9 83
9 84
9 95
9 97
10 15
10 49
10 72
10 73
10 79
10 90
11 30
11 53
11 70
11 77
11 85
12 18
12 21
12 27
12 47
12 60
12 61
12 62
12 64
12 68
12 86
12 99
13 34
13 57
13 59
13 65
13 68
14 19
14 26
14 51
14 59
14 69
14 70
15 28
15 56
15 57
15 69
15 88
15 94
16 20
16 27
16 50
16 65
16 70
16 82
17 26
17 46
17 51
17 52
17 54
17 97
18 24
18 36
18 46
18 50
18 71
18 74
18 82
19 29
19 42
19 44
19 54
19 59
19 71
19 83
19 91
20 23
20 28
20 34
20 54
20 66
20 68
20 71
20 83
21 40
21 41
21 58
21 80
21 83
21 98
22 36
22 39
22 46
22 48
22 57
22 58
22 71
22 80
22 84
23 31
23 52
23 65
23 73
23 82
23 93
23 95
23 98
24 36
24 44
24 97
25 29
25 30
25 36
25 56
25 94
25 97
26 27
26 28
26 30
26 50
26 53
26 55
26 56
26 64
26 65
26 76
26 79
26 95
27 33
27 35
27 39
27 50
27 89
27 90
28 29
28 34
28 49
28 64
28 71
28 79
28 93
28 98
29 59
29 60
29 61
29 62
29 64
29 86
29 99
30 38
30 45
30 62
30 64
30 73
30 84
30 86
30 89
30 92
31 33
31 41
31 52
31 56
31 58
31 60
31 78
32 34
32 35
32 37
32 52
32 57
32 87
32 92
33 50
33 51
33 65
33 66
33 76
33 81
33 90
34 41
34 44
34 56
34 67
34 71
34 75
34 91
34 92
35 46
35 71
35 76
35 80
35 84
35 85
35 90
36 37
36 48
36 56
36 61
36 74
36 75
36 90
36 98
37 41
37 48
37 49
37 70
37 71
38 44
38 47
38 53
38 58
38 67
38 76
38 80
38 89
38 90
39 52
39 59
39 60
39 63
39 66
39 69
39 77
39 96
40 55
40 58
40 68
40 90
40 98
41 44
41 45
41 57
41 75
41 81
41 85
41 87
41 97
42 44
42 45
42 53
42 64
42 66
42 82
42 98
42 99
43 52
43 76
43 86
43 96
43 99
44 45
44 46
44 53
44 55
44 71
44 81
44 84
45 49
45 50
45 67
45 73
45 88
45 92
46 50
46 54
46 72
46 74
46 77
46 95
47 63
47 66
47 69
47 71
47 73
47 78
47 96
48 67
48 72
48 73
48 78
48 82
48 88
48 93
48 94
49 58
49 59
49 69
49 81
49 95
50 67
50 69
50 71
50 82
50 88
50 94
51 64
51 74
51 75
51 90
51 94
52 57
52 65
52 68
52 70
52 79
52 90
52 92
52 95
53 57
53 78
53 79
53 87
53 99
54 62
54 71
54 87
54 97
54 99
55 95
55 96
56 77
56 95
56 97
57 62
57 64
57 72
57 77
57 93
57 97
58 61
58 64
58 84
59 89
60 76
60 78
60 79
60 91
60 98
61 75
61 88
62 71
62 76
62 83
63 81
63 82
63 98
64 66
64 67
64 84
65 82
67 81
67 84
67 88
67 95
68 85
68 89
68 90
69 93
69 97
70 73
70 83
71 73
71 75
71 82
71 86
72 79
72 91
72 95
73 80
73 97
74 82
74 88
74 90
75 77
75 80
75 89
75 92
76 81
76 85
76 87
77 85
78 82
78 89
80 83
80 90
81 86
81 89
81 91
81 93
82 84
82 87
82 89
84 96
85 87
85 92
86 97
87 90
87 99
90 91
91 96
96 99
