100 500
0 6
0 10
0 18
0 29
0 54
0 68
0 80
0 99
1 2
1 3
1 41
1 47
1 75
1 77
1 86
2 22
2 23
2 30
2 35
2 39
2 41
2 46
2 49
2 50
2 55
2 56
2 74
2 75
3 13
3 16
3 17
3 24
3 44
3 48
3 56
3 69
3 73
3 74
3 77
3 83
3 86
3 90
3 95
4 8
4 21
4 23
4 37
4 48
4 56
4 81
4 84
4 95
5 19
5 27
5 32
5 46
5 48
5 52
5 53
5 93
5 94
5 96
6 9
6 16
6 23
6 31
6 33
6 59
6 63
6 65
6 75
7 23
7 27
7 30
7 37
7 38
7 47
7 64
7 81
7 82
7 83
8 20
8 29
8 35
8 57
8 67
8 85
8 88
8 95
8 99
9 13
9 40
9 42
9 43
9 63
9 88
9 89
10 17
10 30
10 66
10 79
10 97
11 14
11 21
11 24
11 29
11 36
11 40
11 95
11 99
12 31
12 33
12 34
12 55
12 56
12 64
13 18
13 29
13 33
13 38
13 46
13 60
13 65
13 74
13 98
14 22
14 26
14 27
14 31
14 32
14 45
14 56
14 66
14 70
14 71
14 73
14 76
14 77
14 85
14 93
15 17
15 20
15 30
15 37
15 38
15 61
15 67
15 69
15 74
15 75
15 85
15 97
16 20
16 43
16 47
16 55
16 62
16 76
16 89
16 91
17 35
17 38
17 42
17 48
17 64
17 69
17 79
17 93
18 50
18 55
18 59
18 62
18 78
18 84
18 89
19 42
19 79
19 90
20 31
20 43
20 44
20 57
20 58
20 72
20 79
20 93
20 99
21 22
21 23
21 27
21 29
21 32
21 44
21 53
21 55
21 57
21 60
21 78
21 79
21 96
21 99
22 26
22 32
22 75
22 85
22 91
22 97
23 49
23 67
23 68
23 86
24 25
24 32
24 34
24 41
24 49
24 59
24 62
24 80
24 87
24 88
24 97
25 29
25 34
25 36
25 58
25 70
25 79
25 83
25 88
25 90
25 91
25 98
26 29
26 30
26 33
26 49
26 62
26 65
26 69
26 74
26 75
26 81
26 86
26 97
27 34
27 47
27 65
27 72
27 73
28 31
28 32
28 37
28 47
28 77
28 97
29 31
29 41
29 59
29 77
29 84
29 90
29 95
29 98
30 65
30 73
30 80
30 99
31 42
31 44
31 52
31 71
31 82
31 93
31 99
32 44
32 52
32 64
32 66
32 72
32 79
32 86
32 91
32 94
33 45
33 48
33 49
33 65
33 71
33 81
33 99
34 39
34 49
34 53
34 64
34 83
35 52
35 55
35 62
35 74
35 81
35 84
35 92
35 97
36 38
36 51
36 63
36 68
36 89
37 38
37 44
37 47
37 48
38 48
38 61
38 65
38 88
39 41
39 42
39 52
39 63
39 67
39 76
39 80
39 91
39 93
39 96
40 48
40 59
40 83
41 46
41 60
41 66
41 85
41 86
41 89
41 90
42 77
42 80
42 84
42 86
43 54
43 75
43 81
44 56
44 70
44 72
44 99
45 70
45 73
45 75
45 82
45 92
46 48
46 52
46 56
46 57
46 69
46 91
46 95
47 51
47 56
47 60
47 67
47 76
47 97
48 55
48 57
48 89
48 95
49 51
49 53
49 58
49 80
49 83
50 51
50 52
50 58
50 74
50 75
50 81
50 86
50 87
50 91
51 85
51 93
52 61
52 66
52 96
53 64
53 85
54 82
54 83
55 70
55 72
55 80
55 84
55 87
55 90
55 93
55 99
56 58
56 63
56 74
56 84
56 88
56 92
57 73
57 88
57 92
58 76
58 94
58 98
59 60
59 72
59 76
59 78
59 97
60 72
60 76
60 79
61 64
61 65
62 64
62 69
62 79
62 90
62 93
62 94
63 74
63 76
63 88
63 90
63 95
63 99
64 67
64 82
64 88
65 68
65 81
65 91
66 70
66 87
66 88
67 80
67 84
67 85
67 96
68 76
68 81
69 71
70 74
70 80
70 86
71 73
71 75
71 79
71 82
71 88
71 89
71 90
72 76
72 90
72 92
73 80
73 86
74 82
74 91
74 99
75 84
75 86
75 92
76 90
76 94
77 91
77 99
78 86
78 92
78 98
80 86
80 88
80 99
81 92
81 94
83 93
83 95
83 96
85 86
85 96
87 95
88 92
90 99
91 97
92 97
93 96
93 97
93 99
94 98
94 99
95 98
