100 500
0 16
0 18
0 23
0 33
0 38
0 60
0 90
0 91
0 97
1 4
1 26
1 49
1 67
1 69
1 73
1 76
2 7
2 15
2 18
2 22
2 24
2 29
2 35
2 71
2 80
2 83
2 92
2 95
3 6
3 10
3 16
3 19
3 37
3 53
3 55
3 59
3 79
3 82
4 12
4 13
4 32
4 37
4 38
4 41
4 49
4 75
5 6
5 10
5 11
5 25
5 29
5 30
5 48
5 50
5 55
5 76
5 90
5 91
5 98
6 7
6 67
6 82
6 89
6 91
7 13
7 32
7 45
7 74
7 78
7 95
8 31
8 37
8 39
8 59
8 71
8 76
8 80
8 99
9 12
9 21
9 24
9 30
9 40
9 78
9 90
9 97
10 14
10 43
10 47
10 57
10 67
10 80
10 83
10 84
10 85
10 87
10 90
11 32
11 37
11 56
11 58
11 63
11 64
11 70
11 81
11 90
12 18
12 26
12 33
12 38
12 39
12 49
12 59
12 69
12 73
12 74
12 91
12 96
13 29
13 35
13 45
13 49
13 59
13 67
13 72
13 88
14 36
14 58
14 83
14 90
15 23
15 29
15 32
15 58
15 67
15 76
15 84
15 93
15 96
16 20
16 33
16 35
16 50
16 64
16 69
16 78
16 80
16 97
17 35
17 47
17 59
17 67
17 74
17 99
18 19
18 36
18 43
18 45
18 57
18 65
18 72
18 93
18 95
19 30
19 34
19 41
19 49
19 58
19 61
19 64
19 76
19 85
19 89
20 21
20 25
20 29
20 52
20 61
20 66
20 69
20 82
20 89
20 92
20 94
20 95
21 24
21 35
21 39
21 42
21 48
21 56
21 64
21 69
21 71
21 83
21 95
21 97
21 98
22 31
22 32
22 54
22 68
22 70
22 80
22 87
23 26
23 45
23 46
23 69
23 75
23 82
23 91
23 92
23 97
24 26
24 50
24 71
24 83
24 93
24 94
25 51
25 61
25 64
25 73
25 82
25 88
25 90
25 93
25 98
26 58
26 60
26 63
26 66
26 79
26 93
26 96
27 59
27 61
27 88
28 29
28 45
28 49
28 53
28 56
28 82
28 86
28 89
28 95
29 67
29 77
29 79
29 84
29 87
29 88
29 90
30 38
30 62
30 81
30 85
30 91
30 96
31 37
31 38
31 39
31 45
31 58
31 62
31 72
31 80
31 91
31 92
32 36
32 38
32 39
32 41
32 42
32 94
32 95
33 35
33 54
33 58
33 66
33 74
33 85
34 36
34 38
34 51
34 72
34 83
34 97
35 40
35 49
35 50
35 62
35 65
35 78
35 80
35 84
35 92
36 41
36 64
36 67
36 75
36 78
36 81
36 91
37 46
37 48
37 59
37 74
38 42
38 53
38 61
38 65
38 67
38 84
38 88
38 89
38 90
38 91
39 42
39 48
39 51
39 56
39 58
39 59
39 69
39 71
39 82
39 83
40 45
40 49
40 62
40 94
40 99
41 48
41 57
41 71
41 78
41 80
41 83
41 84
41 85
41 87
42 56
42 64
42 94
42 95
43 52
43 80
43 83
43 87
43 89
44 46
44 54
44 55
44 74
44 90
45 61
45 63
45 73
45 85
45 87
45 97
46 50
46 70
46 74
46 75
46 82
46 89
47 48
47 49
47 55
47 62
47 76
48 50
48 51
48 52
48 63
48 64
48 67
48 85
48 94
49 51
49 68
49 75
49 96
50 57
50 78
50 83
50 86
50 87
51 52
51 57
51 59
51 65
51 71
52 80
52 88
52 90
52 94
52 98
53 54
53 84
53 88
53 90
53 91
54 71
54 78
55 71
55 77
55 88
55 91
56 78
57 62
57 70
57 76
58 77
58 78
58 92
58 93
58 94
58 99
59 65
59 70
59 75
59 91
59 97
60 62
60 92
61 68
61 77
61 81
61 88
61 91
62 99
63 64
63 65
63 66
63 95
63 98
64 66
64 67
64 70
64 73
64 86
65 77
65 80
65 91
66 83
67 69
67 73
67 83
67 88
68 72
68 74
68 96
69 92
69 93
70 71
70 77
70 79
70 89
70 97
71 79
71 99
72 76
72 89
73 96
73 99
74 79
74 86
74 95
74 96
75 89
75 97
76 82
76 95
77 81
77 86
77 91
78 81
79 86
79 94
80 85
80 94
80 97
81 85
81 93
81 96
82 86
82 97
83 91
84 88
84 95
84 96
87 96
87 98
89 95
93 94
