100 500
0 3
0 4
0 14
0 23
0 32
0 34
0 42
0 43
0 53
0 75
0 85
0 91
0 92
0 98
1 7
1 11
1 46
1 50
1 54
1 55
1 85
1 94
2 4
2 13
2 32
2 61
2 65
2 70
2 80
2 81
2 82
2 94
2 95
3 4
3 23
3 29
3 30
3 36
3 46
3 47
3 48
3 63
3 96
4 12
4 33
4 56
4 58
4 71
4 76
4 79
4 84
4 86
4 99
5 7
5 8
5 12
5 22
5 38
5 43
5 50
5 57
5 59
5 69
5 72
5 86
6 8
6 12
6 13
6 40
6 55
6 72
6 81
6 85
7 8
7 16
7 18
7 30
7 43
7 47
7 51
7 58
7 60
7 65
7 67
7 70
7 90
7 96
8 17
8 24
8 26
8 35
8 54
8 77
8 90
9 10
9 19
9 21
9 36
9 41
9 50
9 58
9 69
9 72
9 74
9 83
9 92
10 31
10 59
10 66
10 79
10 93
11 16
11 22
11 26
11 31
11 33
11 44
11 60
11 74
11 83
11 89
11 97
12 15
12 43
12 50
12 52
12 53
12 62
12 63
12 64
12 69
12 74
12 75
12 76
12 81
12 98
13 28
13 29
13 53
13 59
13 78
14 27
14 37
14 70
14 71
14 76
14 88
14 91
14 98
15 18
15 26
15 36
15 44
15 74
15 77
16 17
16 22
16 27
16 39
16 66
16 82
16 89
16 94
16 97
17 23
17 33
17 59
17 83
17 87
17 90
17 99
18 21
18 22
18 23
18 25
18 59
18 60
18 91
19 24
19 40
19 62
19 64
19 68
19 74
19 77
19 82
19 86
19 89
19 92
20 22
20 29
20 42
20 55
20 60
20 61
20 73
20 74
20 84
21 29
21 49
21 56
21 66
21 71
21 73
21 96
22 27
22 46
22 61
22 63
22 67
22 78
22 92
23 27
23 31
23 47
23 48
23 73
23 79
23 80
23 90
23 97
24 34
24 39
24 56
24 65
24 77
24 88
24 99
25 31
25 33
25 39
25 46
25 73
25 75
25 95
25 96
26 35
26 40
26 41
26 56
26 68
26 80
26 94
27 29
27 32
27 54
27 57
27 61
27 65
27 69
27 72
27 90
28 30
28 34
28 36
28 39
28 40
28 42
28 48
28 53
29 45
29 52
29 54
29 66
29 88
30 37
30 40
30 59
30 67
30 71
30 76
30 84
30 89
31 42
31 80
31 99
32 42
32 70
32 77
33 38
33 46
33 87
34 39
34 40
34 48
34 58
34 59
34 60
34 62
34 68
34 85
34 96
35 37
35 57
35 73
35 79
35 99
36 49
36 54
36 60
36 72
36 88
36 94
36 96
37 76
37 84
38 47
38 50
38 54
38 72
38 90
38 93
39 44
39 65
39 81
39 82
39 89
39 92
40 43
40 54
40 58
40 68
40 75
40 86
40 93
40 96
41 55
41 61
41 83
41 91
41 92
42 59
42 82
42 93
42 98
43 44
43 52
43 59
43 65
43 66
43 67
43 95
44 51
44 58
44 75
44 79
44 86
45 46
45 51
45 66
45 71
45 72
45 75
45 77
45 79
45 84
45 95
46 60
46 83
46 91
47 58
47 65
47 73
47 81
47 84
47 93
47 94
48 59
48 69
48 82
48 90
48 91
48 93
48 96
49 52
49 60
49 75
49 77
49 84
49 85
50 51
50 77
50 79
51 53
51 68
51 80
51 81
51 89
51 96
52 57
52 61
52 63
52 69
53 54
53 86
54 56
54 64
55 57
55 67
55 70
55 76
55 90
55 97
55 98
56 60
56 68
56 79
56 88
56 94
57 60
57 61
57 78
58 61
58 63
58 76
58 78
58 80
58 94
58 95
59 60
59 82
59 84
60 77
60 86
61 68
61 83
62 65
62 70
62 79
62 87
62 89
63 76
63 90
64 83
64 84
64 89
65 69
65 81
65 84
65 91
65 95
65 99
66 68
66 78
66 82
66 87
67 73
67 82
67 99
68 82
68 90
69 72
69 83
69 84
69 98
70 78
70 86
70 95
70 97
71 72
71 74
71 75
71 76
71 77
71 93
71 94
73 96
73 97
74 80
74 85
74 96
74 99
75 98
76 80
76 91
77 89
77 95
77 97
79 80
79 90
79 91
80 81
80 86
81 89
81 97
81 99
82 84
83 92
84 93
85 88
85 89
86 92
87 88
87 95
87 99
88 95
90 96
92 94
92 96
94 96
