100 500
0 14
0 19
0 35
0 39
0 46
0 62
0 67
0 73
0 99
1 2
1 7
1 9
1 13
1 20
1 30
1 32
1 49
1 63
2 7
2 9
2 14
2 15
2 19
2 23
2 30
2 68
2 72
2 80
2 81
2 95
3 12
3 17
3 43
3 51
3 54
3 55
3 60
3 67
3 82
3 93
3 98
4 8
4 11
4 13
4 14
4 19
4 30
4 31
4 45
5 13
5 18
5 21
5 29
5 45
5 51
5 52
5 53
5 59
5 60
5 70
5 72
5 97
5 99
6 9
6 10
6 33
6 39
6 61
6 79
6 80
6 82
6 89
7 19
7 20
7 30
7 42
7 55
7 66
7 68
7 70
7 83
8 19
8 23
8 35
8 40
8 51
8 72
8 77
8 82
9 10
9 13
9 18
9 25
9 83
9 90
9 91
10 13
10 19
10 30
10 42
10 43
10 53
10 64
10 68
10 75
10 87
10 95
11 24
11 33
11 50
11 57
11 72
11 93
11 95
12 22
12 31
12 43
12 50
12 53
12 55
12 59
12 69
12 72
13 16
13 38
13 45
13 55
13 56
13 58
13 62
13 68
14 19
14 24
14 27
14 41
14 45
14 63
14 64
14 68
14 71
14 74
14 98
15 23
15 27
15 48
15 64
15 67
15 74
15 77
15 95
15 99
16 22
16 32
16 41
16 57
16 66
16 71
16 72
16 86
17 41
17 58
17 72
17 74
17 78
17 98
18 31
18 32
18 40
18 41
18 50
18 71
18 84
18 97
19 55
19 56
19 63
19 66
19 67
19 74
20 35
20 36
20 71
20 78
20 80
20 86
20 95
20 97
20 98
21 36
21 39
21 51
21 65
21 71
21 74
21 78
21 81
22 35
22 42
22 64
22 67
22 75
22 80
22 84
22 97
23 33
23 34
23 42
23 45
23 48
23 82
24 25
24 28
24 31
24 32
24 50
24 53
24 58
24 60
24 62
25 27
25 35
25 54
25 60
25 64
25 68
25 71
25 79
25 82
25 85
26 46
26 52
26 56
26 57
26 69
26 76
26 82
26 99
27 43
27 60
27 71
27 76
27 93
27 97
28 35
28 43
28 45
28 64
28 68
28 89
28 92
29 35
29 49
29 51
29 55
29 94
30 35
30 38
30 48
30 52
30 53
30 57
30 61
30 75
30 76
30 79
30 87
30 95
30 97
31 60
31 70
31 73
31 81
31 84
31 89
33 41
33 51
33 57
33 64
33 69
33 70
33 78
34 42
34 49
34 63
34 73
34 85
34 90
34 93
35 60
35 66
35 77
35 87
35 96
36 38
36 49
36 50
36 53
36 63
36 67
36 69
36 80
36 93
37 41
37 64
37 75
37 84
37 85
37 97
38 47
38 62
38 63
38 65
38 74
38 75
38 76
38 88
39 45
39 60
39 74
39 88
39 91
40 45
40 69
40 74
40 75
41 55
41 81
41 89
41 95
42 48
42 74
42 85
42 89
43 54
43 66
43 69
43 78
43 97
44 63
44 70
44 78
45 48
45 61
45 65
45 69
45 78
45 99
46 74
46 78
46 79
46 84
46 95
47 75
47 80
47 96
48 50
48 53
48 61
48 63
48 72
48 92
49 71
49 75
49 97
50 56
50 64
50 71
50 74
50 80
51 60
51 61
51 74
51 96
51 99
52 61
52 63
52 65
52 82
53 60
53 62
53 66
53 81
54 55
54 64
54 68
54 76
54 81
54 91
55 67
55 72
55 80
55 81
56 68
56 69
56 75
56 87
56 88
56 95
57 58
57 66
57 91
58 64
58 66
58 72
58 77
58 81
58 82
58 93
58 97
59 61
59 66
59 70
59 72
59 92
60 72
60 97
61 70
61 75
61 76
61 79
61 85
61 97
62 63
62 67
62 71
62 75
63 75
63 98
64 65
64 68
64 69
64 77
64 88
65 67
65 76
65 78
66 68
66 85
66 99
67 78
67 85
67 86
68 74
68 85
69 70
69 82
69 83
69 93
70 73
70 77
70 91
70 95
71 78
71 82
71 99
72 81
72 82
74 82
74 92
75 90
75 92
75 94
76 86
76 88
76 90
76 91
77 86
77 88
78 81
78 97
79 98
80 86
80 89
82 85
82 86
82 93
82 99
83 84
83 85
83 93
83 97
84 88
84 98
85 94
85 99
86 87
86 88
86 99
87 89
87 96
87 98
89 90
89 94
90 98
90 99
91 94
92 93
92 96
93 98
96 97
