100 500
0 11
0 30
0 35
0 58
0 59
0 63
0 69
0 73
0 76
0 87
1 12
1 16
1 26
1 42
1 50
1 62
1 76
1 77
1 87
1 94
1 98
1 99
2 3
2 28
2 64
2 72
2 88
2 91
3 8
3 29
3 30
3 33
3 36
3 41
3 59
3 63
3 68
3 96
4 9
4 11
4 25
4 30
4 31
4 35
4 39
4 47
4 52
4 58
4 72
4 94
4 97
5 6
5 11
5 14
5 35
5 59
5 62
5 64
5 65
5 67
5 89
5 90
5 96
6 7
6 9
6 21
6 63
6 64
6 74
6 86
6 87
7 10
7 15
7 32
7 38
7 41
7 69
7 73
7 77
7 78
8 13
8 22
8 44
8 78
8 94
9 29
9 32
9 34
9 51
9 65
9 67
9 69
10 13
10 17
10 21
10 22
10 25
10 29
10 35
10 36
10 37
10 50
10 59
10 62
10 89
11 16
11 18
11 47
11 50
11 51
11 55
11 59
11 60
11 62
11 76
11 80
11 84
11 88
11 89
11 91
12 18
12 42
12 44
12 45
12 51
12 54
12 81
13 33
13 37
13 38
13 42
13 86
13 90
13 92
13 98
14 21
14 53
14 54
14 68
14 70
14 73
14 80
14 84
14 85
14 87
14 94
15 33
15 53
15 59
15 61
15 62
15 66
15 69
15 85
16 17
16 18
16 19
16 32
16 55
16 60
16 64
16 70
16 81
16 83
17 42
17 46
17 55
17 64
17 94
18 20
18 23
18 24
18 32
18 52
18 53
18 73
18 79
18 80
18 85
18 86
18 95
18 96
19 36
19 49
19 51
19 57
19 58
19 84
20 37
20 56
20 62
20 63
20 83
20 96
20 99
21 23
21 24
21 34
21 40
21 44
21 57
21 77
21 86
22 25
22 64
22 71
22 81
22 84
22 85
22 91
22 94
22 95
23 42
23 45
23 50
23 53
23 57
23 66
24 28
24 35
24 42
24 49
24 71
24 76
24 77
24 85
24 86
24 87
25 33
25 39
25 46
25 81
25 93
26 35
26 47
26 58
26 67
26 68
26 78
26 82
26 84
26 98
27 46
27 74
27 75
27 97
28 29
28 32
28 41
28 68
28 85
28 95
29 58
29 78
29 95
30 31
30 39
30 74
30 75
31 48
31 49
31 73
31 79
31 81
31 84
31 99
32 34
32 44
32 51
32 70
32 79
32 85
32 94
32 97
33 38
33 47
33 54
33 68
33 73
33 79
33 82
33 87
33 93
34 38
34 39
34 47
34 69
34 73
34 86
35 44
35 47
35 48
35 56
35 58
35 59
35 63
35 64
35 67
35 80
35 85
35 86
35 94
36 38
36 42
36 66
36 68
37 51
37 70
37 73
37 90
37 95
38 40
38 43
38 58
38 76
38 81
38 89
38 91
38 97
38 99
39 48
39 60
39 69
39 97
40 55
40 95
41 50
41 59
41 65
41 81
41 85
42 69
42 77
42 97
43 59
43 60
43 68
43 69
43 75
43 89
43 91
43 93
43 98
44 46
44 61
44 62
44 91
44 92
44 94
45 60
45 68
45 69
45 89
46 71
47 71
47 80
47 81
47 82
47 86
47 92
47 93
47 96
47 98
48 57
48 59
49 52
49 58
49 62
49 76
49 85
49 88
49 99
50 64
50 66
50 72
50 87
51 66
51 75
51 99
52 53
52 63
52 73
52 82
52 90
52 91
52 96
53 63
53 71
53 72
53 82
53 91
53 99
54 57
54 68
54 88
54 89
54 93
54 95
55 87
55 92
55 93
56 57
56 69
56 71
56 73
56 91
56 93
57 88
57 94
58 62
58 74
58 75
58 82
58 91
58 94
59 82
61 99
62 70
62 72
62 73
63 85
64 68
64 71
64 72
64 74
64 77
64 79
64 91
64 95
65 66
65 78
65 88
65 91
65 92
65 99
66 80
66 92
67 68
67 71
67 92
67 98
68 80
68 95
68 98
69 75
69 90
69 98
70 73
70 93
71 74
71 76
71 86
71 88
71 96
73 74
73 82
73 83
73 91
73 98
74 78
74 79
75 81
75 85
75 92
75 93
75 95
75 97
77 78
77 88
77 92
77 98
78 79
78 86
78 96
79 86
79 89
79 94
80 86
80 88
80 93
81 91
81 93
81 96
81 97
82 88
83 96
83 98
84 91
85 86
85 89
85 90
85 98
87 88
91 94
91 97
92 93
92 98
93 99
94 97
97 99
