100 500
0 10
0 30
0 37
0 48
0 67
1 10
1 23
1 25
1 38
1 46
1 54
1 61
1 64
1 73
1 77
1 81
1 87
1 92
2 7
2 14
2 60
2 63
2 68
2 81
2 88
2 97
2 98
3 24
3 27
3 28
3 33
3 38
3 63
3 81
3 85
4 6
4 11
4 19
4 25
4 27
4 36
4 38
4 46
4 51
4 54
4 59
4 67
4 68
4 80
4 87
5 7
5 27
5 31
5 38
5 41
5 53
5 61
5 63
5 81
6 9
6 12
6 13
6 27
6 34
6 42
6 51
6 54
6 57
6 64
6 71
6 74
6 75
6 77
6 89
6 91
7 11
7 15
7 19
7 20
7 22
7 26
7 27
7 82
7 84
7 88
8 29
8 31
8 36
8 46
8 49
8 73
8 79
8 92
9 10
9 12
9 42
9 59
9 64
9 65
9 71
9 72
10 51
10 57
10 74
11 31
11 47
11 80
11 84
11 98
12 17
12 31
12 41
12 67
12 78
12 79
12 98
13 17
13 21
13 38
13 39
13 40
13 44
13 46
13 55
13 64
13 79
13 93
13 96
14 16
14 43
14 94
14 95
15 16
15 19
15 22
15 26
15 28
15 32
15 37
15 39
15 48
15 55
15 66
15 69
15 71
15 75
15 77
15 78
15 91
15 99
16 19
16 36
16 59
16 65
16 77
16 92
16 94
17 20
17 28
17 34
17 62
17 63
17 77
18 33
18 48
18 53
18 59
18 75
18 88
18 96
18 97
19 23
19 25
19 28
19 35
19 42
19 43
19 55
19 57
19 59
19 60
19 63
19 64
20 22
20 38
20 55
20 56
20 62
20 77
20 99
21 34
21 36
21 44
21 52
21 56
22 24
22 31
22 60
22 63
22 71
22 75
22 77
22 87
22 91
22 99
23 37
23 43
23 45
23 48
23 69
23 72
23 80
23 96
23 97
24 46
24 54
24 70
24 80
24 87
24 90
24 92
25 26
25 30
25 31
25 32
25 38
25 45
25 49
25 61
25 92
26 49
26 51
26 60
27 35
27 51
27 59
27 78
27 83
27 98
28 34
28 47
28 64
28 66
28 67
28 83
29 37
29 45
29 47
29 62
29 67
29 69
29 77
29 90
30 32
30 35
30 51
30 53
30 54
30 57
30 60
30 61
30 72
30 79
31 54
31 56
31 61
31 62
31 65
31 66
31 76
32 35
32 43
32 50
32 69
32 77
32 90
32 91
32 92
33 41
33 45
33 47
33 52
33 60
33 71
33 90
34 40
34 50
34 82
34 87
34 97
35 68
35 93
36 37
36 41
36 43
36 58
36 61
36 79
36 87
36 98
37 44
37 47
37 67
37 73
37 74
37 94
38 66
38 80
39 42
39 49
39 55
39 72
39 87
40 62
40 73
40 78
40 81
40 82
40 88
40 90
40 91
41 42
41 62
41 65
41 74
41 81
41 86
41 99
42 48
42 75
42 81
42 89
43 49
43 51
43 52
43 57
43 81
43 88
43 95
44 82
44 94
44 96
45 53
45 54
45 63
45 70
45 76
45 82
46 48
46 53
46 65
46 74
46 75
46 81
46 86
47 55
47 61
47 79
47 85
48 54
48 68
48 78
48 83
48 86
48 88
48 95
49 50
49 52
49 54
49 56
49 58
49 59
49 67
49 68
49 69
50 56
50 85
50 90
50 91
50 93
51 73
51 86
52 58
52 63
52 77
52 80
52 86
52 89
53 54
53 59
53 74
53 82
53 83
53 99
54 55
54 60
54 66
54 69
54 72
54 85
55 57
55 62
55 65
55 86
56 58
56 62
56 69
56 90
57 82
57 89
57 98
58 60
58 62
58 64
58 85
58 93
59 60
59 78
59 85
59 89
59 98
60 63
60 66
61 78
61 92
61 99
62 67
62 73
62 74
62 79
62 87
62 99
63 82
63 86
63 88
63 95
64 65
64 66
64 67
64 80
64 86
64 90
65 74
65 79
65 81
66 67
66 81
66 93
66 99
67 73
67 76
67 95
68 72
68 74
68 88
68 95
68 99
69 71
69 82
69 90
69 99
70 82
70 94
72 84
72 90
72 99
74 85
75 79
75 80
75 83
75 84
76 84
76 86
77 86
77 88
78 86
78 88
78 90
78 96
79 96
80 90
81 90
81 91
82 94
83 93
83 94
83 95
84 88
84 93
85 87
87 89
88 91
89 95
90 96
90 97
91 94
91 96
92 98
94 98
96 99
