100 500
0 10
0 15
0 28
0 31
0 32
0 37
0 40
0 67
0 68
0 78
0 92
1 20
1 28
1 35
1 50
1 51
1 52
1 54
1 59
1 61
1 74
2 6
2 26
2 33
2 43
2 47
2 63
2 65
2 77
2 83
2 90
2 91
2 98
3 25
3 28
3 37
3 38
3 40
3 56
3 76
3 95
3 99
4 32
4 33
4 47
4 51
4 52
4 57
4 72
4 77
4 90
4 99
5 8
5 10
5 17
5 22
5 28
5 44
5 53
5 75
5 85
5 91
6 11
6 14
6 16
6 19
6 32
6 37
6 70
6 78
6 96
7 18
7 32
7 52
7 56
7 60
7 72
7 77
7 86
7 91
7 95
8 15
8 27
8 37
8 49
8 52
8 60
8 77
8 81
8 82
8 96
9 11
9 37
9 40
9 62
9 70
9 71
9 76
9 80
9 88
9 97
10 21
10 22
10 35
10 40
10 48
10 53
10 71
10 81
10 97
11 12
11 18
11 28
11 31
11 32
11 37
11 50
11 51
11 57
11 58
11 82
11 88
12 15
12 24
12 27
12 29
12 34
12 41
12 45
12 47
12 53
12 60
12 70
12 97
13 14
13 28
13 64
13 68
13 70
13 83
13 89
14 38
14 49
14 77
15 48
15 59
15 70
15 71
15 72
15 75
15 81
15 94
15 95
16 86
16 89
16 90
16 91
16 97
17 21
17 76
17 83
18 23
18 38
18 47
18 51
18 57
18 85
18 86
18 95
19 24
19 31
19 42
19 45
19 50
19 70
19 73
19 79
19 87
20 33
20 34
20 45
20 48
20 49
20 56
20 70
20 71
20 78
20 97
21 36
21 44
21 53
21 54
21 57
21 58
21 69
21 70
21 79
21 87
21 95
22 24
22 31
22 42
22 43
22 57
22 73
22 83
22 91
22 95
22 99
23 24
23 35
23 57
23 91
24 30
24 45
24 49
24 63
24 70
24 76
24 78
24 87
24 89
25 26
25 31
25 44
25 46
25 53
25 77
25 96
25 98
26 35
26 52
26 62
26 72
26 73
26 76
26 77
26 88
26 94
27 31
27 35
27 43
27 52
27 64
27 72
27 73
27 84
27 91
28 29
28 37
28 42
28 47
28 53
28 55
28 66
28 68
28 79
28 85
28 87
28 92
28 93
28 97
29 49
29 52
29 57
29 69
29 74
29 75
29 85
29 91
29 92
29 93
30 39
30 43
30 62
30 64
30 77
30 82
30 84
30 92
30 93
31 40
31 55
31 70
32 43
32 44
32 59
32 64
32 86
32 92
32 95
33 44
33 48
33 49
33 53
33 55
33 74
33 99
34 37
34 39
34 68
34 91
35 38
35 56
35 83
35 86
35 94
36 45
36 48
36 56
36 71
36 72
36 77
37 44
37 45
37 47
37 70
37 84
37 90
37 96
37 97
38 77
38 78
38 83
38 99
39 57
39 58
39 81
39 84
40 54
40 81
40 86
41 58
41 59
41 62
41 63
41 69
41 76
41 84
41 86
41 96
42 79
42 84
42 94
42 97
42 98
43 50
43 54
43 60
43 61
43 62
43 68
43 76
43 91
43 92
43 95
44 45
44 52
44 66
44 81
44 83
44 97
44 99
45 64
45 74
45 83
45 87
45 89
45 91
45 99
46 49
46 73
46 83
46 87
46 89
47 55
47 64
48 49
48 51
48 64
48 81
48 90
48 98
49 63
49 78
49 86
49 87
49 93
50 57
50 61
50 81
50 87
50 94
51 52
51 60
51 61
51 65
51 72
51 78
51 87
51 91
52 97
53 66
53 79
53 82
53 90
53 97
54 67
54 82
54 83
54 88
55 60
55 71
55 73
55 93
56 58
56 59
56 66
56 78
57 58
57 64
58 66
58 88
58 90
59 70
59 77
59 83
59 99
60 78
60 88
60 98
61 64
61 70
61 77
61 94
61 95
62 70
63 73
63 74
63 77
63 92
64 91
65 74
65 81
65 87
65 98
66 68
66 71
66 95
67 70
67 90
67 91
67 98
68 96
69 71
70 92
71 77
71 85
71 90
72 81
72 85
72 91
72 97
73 81
73 84
73 97
74 84
74 85
74 94
74 97
75 89
75 93
76 77
76 80
77 78
77 83
77 85
77 99
79 84
79 86
80 81
80 82
80 84
80 88
80 90
81 82
82 88
83 99
84 94
84 99
85 95
87 90
87 92
89 95
90 97
91 93
93 94
94 95
94 96
95 96
