100 500
0 13
0 16
0 19
0 78
0 88
0 92
1 16
1 28
1 68
1 72
1 84
1 85
1 89
2 4
2 6
2 18
2 24
2 26
2 27
2 33
2 35
2 37
2 41
2 55
2 60
2 69
2 84
2 85
2 91
3 5
3 25
3 27
3 34
3 36
3 71
3 91
3 99
4 31
4 32
4 33
4 58
4 72
5 23
5 45
5 59
5 68
5 69
5 83
5 92
5 98
6 18
6 19
6 28
6 29
6 44
6 45
6 50
6 51
6 62
6 80
6 85
6 89
6 93
7 12
7 19
7 21
7 28
7 35
7 57
7 62
8 17
8 21
8 31
8 45
8 47
8 56
8 61
8 62
8 64
8 71
8 73
8 85
9 33
9 35
9 52
9 53
9 67
9 76
9 83
9 85
9 86
9 97
10 20
10 31
10 36
10 38
10 41
10 50
10 59
10 69
10 70
10 79
10 87
11 55
11 60
11 64
11 71
11 75
11 78
11 80
11 84
11 89
11 92
12 35
12 47
12 82
12 85
12 91
13 21
13 31
13 59
13 67
14 21
14 26
14 34
14 42
14 70
14 85
14 86
14 99
15 19
15 20
15 47
15 66
15 73
15 86
15 88
15 96
16 33
16 37
16 47
16 63
16 66
16 78
16 96
17 38
17 42
17 44
17 48
17 50
17 54
17 72
17 83
17 95
17 99
18 23
18 29
18 36
18 43
18 48
18 49
18 54
18 62
18 67
18 70
18 74
18 76
18 82
18 83
18 84
18 94
18 99
19 34
19 49
19 60
19 65
19 71
19 78
19 80
19 88
19 90
19 98
20 37
20 66
20 79
20 80
20 90
20 97
21 23
21 37
21 44
21 74
22 29
22 34
22 36
22 43
22 77
23 41
23 47
23 54
23 58
23 72
23 74
23 77
23 97
24 41
24 51
24 62
24 66
24 75
24 83
25 27
25 31
25 53
25 54
25 56
25 76
25 80
25 82
26 36
26 76
26 85
26 87
26 95
27 34
27 45
27 57
27 58
27 59
27 68
27 69
27 75
28 32
28 41
28 52
28 64
28 67
28 72
28 94
29 42
29 52
29 58
29 61
29 69
29 87
29 93
29 96
30 53
30 59
30 66
30 73
30 74
30 75
30 88
30 90
30 92
30 99
31 37
31 39
31 49
31 57
31 64
31 97
32 33
32 34
32 37
32 45
32 53
32 54
32 56
32 76
32 78
32 83
32 84
32 91
32 93
33 37
33 38
33 47
33 51
33 54
33 59
33 65
33 75
33 85
34 35
34 41
34 52
34 54
34 58
34 63
34 71
34 73
34 84
34 86
34 93
35 37
35 40
35 50
35 60
35 66
35 72
35 98
36 48
36 65
36 83
36 91
36 99
37 54
37 70
37 77
38 42
38 46
38 47
38 63
38 65
38 66
38 75
38 80
38 93
38 99
39 40
39 53
39 60
39 87
39 91
40 46
40 77
40 78
40 88
41 42
41 48
41 58
41 65
41 72
41 78
41 93
42 54
42 55
42 92
42 94
43 54
43 61
43 66
43 98
44 45
44 58
44 59
44 67
44 74
44 76
44 80
44 81
44 97
44 98
45 64
45 83
45 91
46 51
46 53
46 60
46 63
46 65
46 67
46 68
46 74
46 75
46 78
46 83
46 92
47 51
47 62
47 92
48 52
48 89
48 94
48 98
49 57
49 62
49 77
49 80
49 89
49 98
50 83
50 89
51 52
51 71
51 74
51 83
51 90
51 94
52 58
52 78
52 80
52 84
52 90
52 96
53 97
54 59
54 67
54 74
54 83
54 85
54 96
55 56
55 72
55 77
55 85
56 58
56 71
56 87
56 91
57 61
57 70
57 83
58 63
58 67
58 94
59 82
59 86
60 67
60 72
60 85
60 97
61 64
61 74
61 81
61 91
62 78
62 79
62 84
62 91
63 86
63 99
64 67
64 71
64 76
64 81
64 99
65 66
65 71
65 76
65 80
66 75
66 76
66 81
67 69
67 76
67 80
67 81
67 94
68 74
68 75
68 91
69 78
69 87
69 97
70 94
71 83
71 85
71 86
71 89
71 98
71 99
72 90
73 79
73 83
73 86
74 76
74 86
74 89
74 97
75 97
76 77
77 92
79 85
79 88
80 82
81 95
82 85
82 88
82 95
83 86
83 92
83 96
83 99
85 87
85 90
86 87
86 91
86 99
87 88
87 89
87 94
87 98
88 89
88 98
91 93
93 97
96 97
