100 500
0 13
0 14
0 16
0 28
0 29
0 63
0 74
0 85
1 11
1 22
1 42
1 44
1 56
1 62
1 68
1 89
2 12
2 37
2 45
2 49
2 50
2 56
2 60
2 64
2 76
2 77
2 80
2 82
3 4
3 13
3 16
3 22
3 24
3 25
3 44
3 56
3 57
3 88
4 17
4 21
4 24
4 41
4 56
4 76
4 83
4 84
4 88
4 89
4 90
4 98
5 30
5 43
5 48
5 54
5 57
5 62
5 70
5 79
5 86
5 87
5 88
5 94
5 96
5 97
6 7
6 18
6 26
6 31
6 34
6 36
6 41
6 43
7 10
7 17
7 20
7 33
7 39
7 40
7 41
7 54
7 56
7 58
7 63
7 75
8 10
8 13
8 15
8 22
8 27
8 35
8 41
8 43
8 46
8 62
8 99
9 10
9 22
9 25
9 28
9 37
9 42
9 45
9 52
9 61
9 64
9 70
9 74
9 81
9 83
10 22
10 34
10 41
10 49
10 50
10 53
10 68
10 69
10 87
10 89
11 20
11 23
11 30
11 40
11 66
11 75
11 76
11 81
11 85
11 93
12 27
12 42
12 43
12 58
12 82
12 95
12 98
13 18
13 29
13 43
13 45
13 46
13 57
13 81
14 22
14 34
14 48
14 51
14 83
14 84
14 89
15 22
15 26
15 43
15 62
15 77
16 21
16 54
16 57
16 64
16 70
16 79
16 81
16 86
16 92
16 96
17 35
17 44
17 61
17 62
17 77
18 20
18 23
18 29
18 54
18 55
18 62
18 65
18 70
18 71
18 88
19 35
19 61
19 66
19 87
19 91
19 92
19 97
20 28
20 54
20 55
20 64
20 82
20 83
20 97
21 39
21 41
21 66
21 75
21 84
22 30
22 32
22 34
22 35
22 41
22 46
22 54
22 55
22 63
22 69
22 82
22 85
22 89
22 96
22 98
23 28
23 52
23 68
23 83
23 93
24 33
24 37
24 44
24 46
24 50
24 55
24 57
24 61
24 72
24 73
24 84
24 85
25 45
25 49
25 50
25 55
25 71
26 33
26 39
26 51
26 61
26 74
27 32
27 41
27 64
27 69
28 34
28 50
28 52
28 53
28 66
28 67
29 32
29 50
29 52
29 61
29 89
29 94
30 61
30 63
30 65
30 67
30 82
31 33
31 37
31 38
31 39
31 50
31 57
31 61
31 62
31 73
31 97
31 99
32 41
32 45
32 48
32 53
32 60
32 64
32 66
33 43
33 45
33 61
33 73
33 85
33 95
34 49
34 58
34 86
34 91
34 97
35 55
35 64
35 67
35 73
35 76
35 96
36 38
36 40
36 50
36 73
36 96
36 98
37 41
37 45
37 47
37 53
37 55
37 57
37 99
38 39
38 45
38 71
38 75
38 87
38 95
38 98
39 45
39 58
39 69
39 70
39 88
40 42
40 48
41 57
41 79
42 45
42 46
42 50
42 59
42 79
42 85
42 88
42 98
43 49
43 79
43 83
43 84
43 94
44 46
44 52
44 55
44 56
44 60
44 64
44 66
44 67
44 83
44 90
44 93
45 47
45 66
45 71
45 87
45 90
46 50
46 52
46 53
46 57
46 60
46 77
46 91
46 93
47 54
47 64
47 65
48 63
48 79
49 62
49 76
49 79
49 83
49 89
49 91
49 95
50 63
50 66
50 77
50 89
51 59
51 65
51 78
51 93
52 58
52 68
52 78
52 84
53 64
53 65
53 69
53 77
53 79
53 87
54 63
54 69
54 73
54 83
54 90
54 99
55 60
55 64
55 80
55 97
56 62
56 76
56 83
56 87
56 93
56 97
57 59
57 74
57 78
57 83
57 91
57 92
57 93
58 59
58 67
58 72
58 76
58 86
58 87
58 88
59 90
60 66
60 87
60 92
60 98
61 64
61 84
61 85
61 90
61 95
63 65
63 71
63 74
63 80
63 91
63 98
64 71
64 72
64 76
64 86
64 98
65 83
65 98
67 74
67 77
67 79
67 87
67 88
68 79
68 98
69 81
69 83
69 87
70 85
72 75
72 87
72 90
72 98
72 99
73 83
73 86
73 90
73 91
73 95
73 98
74 76
74 82
74 86
74 93
75 81
76 79
77 84
77 91
78 90
78 94
78 98
80 82
80 83
80 97
81 93
82 88
82 98
83 95
84 86
84 96
84 98
85 87
86 94
87 90
87 96
87 99
88 96
88 98
90 94
90 95
91 95
92 93
