100 500
0 1
0 27
0 35
0 50
0 51
0 61
0 69
0 76
0 84
0 86
0 93
0 95
1 2
1 14
1 60
1 65
1 76
1 77
1 80
2 10
2 11
2 27
2 42
2 43
2 62
2 63
2 74
2 85
3 8
3 11
3 28
3 42
3 43
3 46
3 61
3 68
3 69
3 84
3 86
3 90
3 97
4 5
4 13
4 34
4 41
4 44
4 47
4 75
4 85
5 15
5 21
5 37
5 42
5 58
5 68
6 11
6 28
6 29
6 38
6 59
6 75
7 13
7 16
7 27
7 35
7 40
7 58
7 59
7 77
7 89
7 91
8 20
8 29
8 33
8 43
8 50
8 51
8 52
8 56
8 57
8 59
8 71
8 79
8 87
8 88
9 15
9 17
9 20
9 75
9 76
9 77
9 84
10 11
10 31
10 34
10 51
10 59
10 61
10 65
10 70
11 12
11 28
11 35
11 41
11 51
11 52
11 65
11 72
11 80
11 93
12 26
12 27
12 29
12 33
12 50
12 60
12 65
12 68
12 90
12 91
12 99
13 23
13 27
13 38
13 42
13 60
13 63
13 65
13 80
13 82
13 87
14 34
14 45
14 46
14 58
14 68
14 73
14 80
14 93
14 96
15 18
15 21
15 22
15 41
15 49
15 51
15 81
15 99
16 33
16 44
16 55
16 61
16 67
16 97
16 99
17 21
17 26
17 30
17 36
17 40
17 51
17 61
17 62
17 63
17 64
17 66
17 69
17 78
17 80
17 96
18 21
18 26
18 27
18 29
18 31
18 42
18 47
18 48
18 50
18 54
18 60
18 80
18 81
18 85
18 91
19 35
19 55
19 61
19 79
19 91
19 93
19 98
20 24
20 39
20 43
20 46
20 48
20 52
20 60
20 87
20 99
21 30
21 31
21 33
21 49
21 50
21 68
21 70
21 71
21 73
21 93
21 95
22 24
22 30
22 34
22 36
22 41
22 53
22 68
22 69
22 77
22 87
22 88
22 94
23 29
23 30
23 41
23 42
23 49
23 50
23 63
23 91
23 92
24 42
24 63
24 66
24 68
25 30
25 34
25 36
25 46
25 57
25 84
25 86
25 89
25 90
25 93
25 94
26 37
26 45
26 48
26 52
26 54
26 56
26 59
26 66
26 78
26 79
26 88
27 28
27 74
27 76
27 97
27 99
28 35
28 55
28 67
28 76
28 84
28 88
29 36
29 45
29 66
29 70
29 80
29 82
29 89
29 94
30 46
30 67
30 69
30 70
30 71
30 74
30 80
31 38
31 60
31 67
31 70
31 99
32 38
32 40
32 53
32 73
32 98
33 49
33 50
33 56
33 59
33 81
33 82
33 83
33 93
34 42
34 46
34 58
34 66
34 86
34 96
35 45
35 56
35 69
35 77
35 86
35 90
35 96
36 49
36 61
36 73
36 79
36 98
36 99
37 41
37 42
37 47
37 61
37 65
37 66
37 80
38 49
38 53
38 78
38 79
38 81
38 94
39 49
39 65
39 85
39 95
40 42
40 50
40 54
40 61
40 67
40 81
40 86
40 98
41 43
41 60
41 62
41 73
41 74
41 79
41 84
41 86
41 99
42 46
42 62
42 65
42 72
42 86
42 97
43 51
43 64
43 87
43 96
44 57
44 60
44 78
44 89
44 90
45 69
45 70
45 79
45 83
46 47
46 91
47 49
47 63
47 99
48 54
48 56
48 64
48 66
48 74
48 98
49 50
49 68
49 82
49 84
49 95
50 71
50 74
50 86
50 87
50 90
50 99
51 64
51 69
51 77
51 96
52 53
52 64
52 83
52 94
53 54
53 57
53 64
53 71
53 86
54 58
54 75
54 82
54 85
54 97
54 99
55 68
55 79
56 59
56 61
56 86
57 58
57 74
57 75
57 80
57 96
58 65
58 83
58 96
58 97
59 80
59 96
60 73
60 95
61 63
61 78
61 82
61 89
61 97
62 71
63 65
63 69
63 73
63 78
63 79
63 83
63 84
63 88
63 91
64 68
64 72
64 83
64 88
64 91
64 94
65 75
65 95
66 83
66 85
66 96
67 93
67 97
69 72
69 74
69 75
69 79
70 71
70 74
70 76
70 85
70 88
70 91
71 91
71 94
72 79
73 83
73 91
73 98
74 99
75 96
76 87
77 83
77 85
77 86
79 96
80 85
80 94
81 85
81 90
82 83
83 99
84 99
85 86
85 94
85 96
86 90
89 97
90 95
92 96
95 97
