100 500
0 6
0 24
0 35
0 49
0 52
0 54
0 56
0 57
0 59
0 73
0 77
0 85
0 96
0 97
0 98
1 15
1 36
1 39
1 45
1 76
1 99
2 3
2 5
2 11
2 12
2 14
2 45
2 48
2 71
2 76
2 80
2 82
2 85
2 88
2 93
2 94
3 18
3 28
3 55
3 57
3 73
3 81
3 88
4 22
4 26
4 27
4 33
4 37
4 38
4 46
4 55
4 60
5 6
5 34
5 63
5 77
5 81
6 11
6 13
6 18
6 31
6 34
6 43
6 63
6 66
6 69
6 74
6 95
7 37
7 43
7 51
7 91
7 94
7 95
8 15
8 20
8 22
8 33
8 35
8 48
8 52
8 67
8 74
9 21
9 23
9 30
9 32
9 42
9 67
9 78
9 81
9 96
9 98
10 12
10 25
10 32
10 45
10 59
10 70
10 84
10 87
10 97
11 14
11 27
11 40
11 44
11 57
11 60
11 79
12 20
12 21
12 28
12 39
12 48
12 79
12 84
13 51
13 52
13 53
13 58
13 64
13 82
13 99
14 18
14 19
14 69
14 74
14 99
15 20
15 26
15 36
15 50
15 61
15 68
15 82
16 27
16 33
16 40
16 55
16 64
16 65
16 67
16 73
16 93
16 95
17 27
17 33
17 39
17 43
17 50
17 55
17 64
17 76
17 81
17 87
17 93
18 21
18 47
18 54
18 71
19 24
19 33
19 34
19 35
19 37
19 53
19 66
19 67
19 74
19 82
19 85
20 22
20 27
20 51
20 62
20 65
20 99
21 22
21 26
21 31
21 34
21 39
21 42
21 54
21 56
21 66
21 70
21 82
21 83
21 84
21 94
21 97
22 35
22 64
22 69
22 74
22 75
22 76
22 77
22 82
22 95
23 28
23 30
23 34
23 48
23 69
23 97
24 32
24 46
24 50
24 64
24 68
24 70
24 91
24 99
25 54
25 55
25 65
25 72
25 80
25 85
26 40
26 47
26 61
26 71
27 40
27 98
28 30
28 33
28 37
28 40
28 52
28 58
28 59
28 80
28 81
28 85
29 38
29 51
29 53
29 57
29 62
29 70
29 78
29 96
30 47
30 49
30 51
30 91
31 35
31 46
31 52
31 61
31 63
31 76
32 35
32 38
32 54
32 82
32 88
32 95
32 97
33 57
33 62
33 67
33 77
33 91
33 98
34 35
34 39
34 44
34 48
34 79
34 83
34 90
34 98
35 50
35 90
35 94
36 70
36 95
37 50
37 53
37 61
37 65
37 69
37 78
37 88
37 96
38 41
38 43
38 51
38 58
38 59
38 75
38 77
38 79
38 96
39 48
39 52
39 56
39 68
39 82
39 90
40 51
40 81
40 87
40 95
41 56
41 78
41 97
42 44
42 50
42 55
42 56
42 66
42 68
42 79
43 58
43 69
43 82
43 86
43 90
43 95
43 98
44 77
44 94
45 55
45 60
45 64
45 66
45 71
45 94
46 53
46 61
46 64
46 65
46 73
46 76
46 78
46 84
46 88
46 96
47 53
47 60
47 61
47 69
47 81
47 97
48 59
48 85
49 52
49 56
49 59
49 78
49 95
50 51
50 63
50 73
50 79
50 81
50 84
50 86
50 99
51 53
51 56
51 57
51 64
51 78
51 85
51 88
51 90
52 53
52 61
52 87
52 91
53 60
53 64
53 66
53 81
53 89
54 62
54 72
54 88
55 60
55 62
55 63
55 65
55 70
55 81
55 83
55 95
56 57
56 67
56 95
57 59
57 71
57 92
58 76
58 77
58 94
58 97
59 60
59 77
59 87
59 88
59 92
59 98
60 63
60 73
60 74
60 77
61 72
61 75
61 77
61 82
61 86
61 90
62 79
62 83
62 90
63 66
63 79
63 83
64 67
64 75
64 84
64 93
64 95
65 78
65 85
65 92
65 97
66 71
66 77
66 81
66 89
67 69
67 72
67 73
67 74
67 80
67 83
67 92
68 96
69 72
69 73
69 80
69 94
69 96
70 71
70 80
70 86
70 89
70 95
71 80
71 88
71 91
72 84
72 85
72 90
73 82
73 95
74 76
74 83
76 78
76 96
77 82
77 83
77 98
77 99
78 92
78 94
79 80
79 84
79 86
79 88
79 93
79 96
82 84
82 94
82 99
83 84
83 91
83 93
83 95
83 97
84 90
85 93
85 99
86 88
86 92
88 96
90 91
90 93
90 97
92 98
92 99
93 97
97 98
