100 500
0 6
0 11
0 28
0 34
0 38
0 87
0 89
0 93
1 6
1 23
1 24
1 56
1 62
1 68
1 74
1 78
1 94
2 12
2 16
2 24
2 41
2 48
2 55
2 56
2 59
2 66
2 68
2 71
2 84
2 85
2 99
3 17
3 21
3 23
3 24
3 28
3 35
3 38
3 42
3 49
3 52
3 67
3 77
4 9
4 12
4 14
4 29
4 41
4 47
4 48
4 66
4 67
4 76
4 82
4 91
4 97
5 15
5 24
5 25
5 38
5 41
5 45
5 50
5 51
5 59
5 96
6 17
6 48
6 54
6 55
6 63
6 65
6 72
6 77
6 98
6 99
7 26
7 48
7 53
7 61
7 71
7 85
7 86
7 98
8 11
8 13
8 24
8 39
8 41
8 44
8 53
8 56
8 68
8 71
8 95
9 12
9 28
9 32
9 44
9 45
9 46
9 60
9 87
10 31
10 32
10 42
10 47
10 76
10 78
10 92
11 27
11 34
11 39
11 43
11 48
11 59
11 63
11 64
12 36
12 57
12 67
12 77
12 88
12 90
12 93
12 97
13 20
13 22
13 39
13 41
13 51
13 58
13 73
13 75
13 89
14 22
14 29
14 34
14 38
14 43
14 45
14 56
14 62
14 77
14 82
14 91
15 32
15 35
15 40
15 42
15 53
15 71
15 74
15 89
15 90
16 23
16 27
16 34
16 52
16 54
16 58
16 70
16 79
16 84
16 91
16 95
16 97
16 99
17 29
17 39
17 40
17 46
17 72
17 84
17 85
17 99
18 36
18 44
18 61
18 62
18 72
18 73
18 75
18 98
19 22
19 33
19 35
19 53
19 90
19 92
19 97
20 24
20 26
20 48
20 56
20 79
20 85
20 87
21 23
21 38
21 54
22 23
22 26
22 45
22 71
22 75
22 77
22 81
22 84
22 93
23 24
23 46
23 47
23 49
23 51
23 62
23 64
23 68
23 69
23 74
23 77
23 85
23 87
23 90
24 31
24 48
24 53
24 72
24 82
24 85
24 86
24 93
25 59
25 68
25 70
25 83
25 97
26 29
26 36
26 59
26 89
27 29
27 33
27 37
27 40
27 49
27 63
27 67
27 87
27 88
27 89
27 95
28 50
28 56
28 60
28 62
28 64
28 68
28 75
28 93
28 94
29 31
29 54
29 62
29 84
29 86
30 39
30 60
30 61
30 66
30 74
30 77
30 80
30 93
31 35
31 58
31 66
31 69
31 89
31 90
31 93
31 94
31 96
32 41
32 46
32 52
32 72
32 76
32 77
32 87
32 91
33 48
33 67
33 90
33 95
34 55
34 69
34 72
34 74
34 77
34 93
34 99
35 39
35 40
35 54
35 57
35 63
35 65
35 81
35 91
35 93
35 94
36 45
36 51
36 54
36 64
36 80
36 81
36 82
36 83
36 96
37 39
37 61
37 70
37 72
37 78
38 48
38 52
38 54
38 60
38 66
38 71
38 84
38 89
38 90
38 92
39 54
39 72
40 46
40 55
40 57
40 59
40 62
40 98
41 54
41 63
41 73
41 77
41 86
41 94
42 54
42 56
42 60
42 83
42 88
43 48
43 57
43 72
43 79
43 81
43 84
43 85
43 86
43 91
43 98
44 72
44 81
44 92
44 99
45 46
45 47
45 51
45 55
45 61
45 73
45 82
45 90
46 59
47 57
47 62
47 94
48 63
48 82
48 87
48 89
48 90
49 79
49 91
49 97
50 71
50 75
50 76
50 81
50 97
51 67
51 79
51 85
51 92
52 57
52 75
52 90
53 57
53 76
53 77
53 85
53 91
53 96
54 66
54 72
54 80
54 83
55 62
55 71
55 73
55 81
56 57
56 70
56 72
56 75
56 93
57 66
57 78
57 88
58 90
58 92
58 95
59 60
59 76
59 82
59 89
60 61
60 67
60 92
60 95
61 63
61 65
61 69
61 83
61 88
61 93
62 68
62 80
62 82
62 86
62 92
63 74
63 85
63 93
63 98
64 70
64 80
64 83
64 89
65 66
65 73
65 81
66 79
66 85
67 73
67 76
67 91
68 81
68 90
68 94
69 80
69 88
69 92
69 99
71 84
71 85
71 98
72 81
72 88
72 93
73 82
73 87
73 97
74 94
75 88
75 99
76 80
76 91
77 90
77 92
78 80
79 86
79 88
79 89
79 95
79 96
79 97
80 95
81 98
82 91
83 92
84 94
85 94
86 89
88 94
90 92
