100 500
0 7
0 15
0 30
0 55
0 84
0 90
0 91
1 5
1 6
1 16
1 55
1 59
1 70
1 82
1 98
2 3
2 6
2 7
2 19
2 22
2 26
2 32
2 41
2 68
2 80
2 98
2 99
3 12
3 23
3 35
3 36
3 50
3 54
3 58
3 75
3 76
3 80
3 81
3 82
3 83
4 18
4 22
4 28
4 40
4 41
4 61
4 77
4 91
4 96
5 10
5 15
5 23
5 25
5 27
5 30
5 35
5 42
5 47
5 56
5 70
5 73
5 77
5 78
5 85
5 89
5 94
5 95
5 98
6 15
6 20
6 33
6 40
6 41
6 42
6 48
6 51
6 52
6 64
6 67
6 77
6 78
6 82
6 89
6 99
7 11
7 21
7 24
7 26
7 29
7 77
7 82
7 85
7 88
7 98
8 11
8 22
8 27
8 30
8 49
8 57
8 79
8 88
8 92
9 38
9 45
9 59
9 67
9 76
9 79
10 20
10 21
10 34
10 43
10 47
10 48
10 51
10 54
10 69
10 75
10 76
11 41
11 90
12 13
12 23
12 28
12 39
12 46
12 50
12 51
12 61
12 76
12 77
12 86
12 92
12 97
13 15
13 34
13 45
13 49
13 51
13 58
13 66
13 73
13 79
13 86
14 31
14 35
14 36
14 43
14 53
14 80
14 85
14 86
14 89
14 92
14 98
15 27
15 33
15 65
15 66
15 80
15 91
15 97
16 21
16 30
16 33
16 42
16 46
16 57
16 63
16 71
16 74
16 76
17 24
17 34
17 69
17 70
17 74
17 76
18 24
18 27
18 28
18 36
18 45
18 46
18 53
18 75
19 26
19 27
19 33
19 48
19 63
19 66
19 72
19 85
19 87
20 24
20 28
20 38
20 39
20 54
20 56
20 88
21 32
21 53
21 59
21 62
21 71
21 86
21 90
22 26
22 42
22 43
22 84
22 91
22 99
23 43
23 48
23 52
23 54
23 58
23 62
23 64
23 85
23 98
24 28
24 46
24 52
24 53
24 55
24 74
24 77
24 85
24 94
25 46
25 62
25 67
25 79
26 27
26 50
26 66
26 67
26 79
26 81
27 34
27 44
27 51
27 59
27 61
27 65
27 72
27 79
27 84
27 90
27 95
27 97
28 42
28 46
28 54
28 80
28 82
28 88
28 98
29 34
29 42
29 47
29 54
29 76
29 77
29 81
29 86
29 91
30 37
30 54
30 72
30 90
30 93
31 56
31 63
31 66
31 68
31 80
31 82
31 83
31 84
32 39
32 69
32 91
33 39
33 41
33 42
33 55
33 68
33 81
33 89
33 94
33 99
34 41
34 42
34 70
34 71
34 76
34 95
35 38
35 39
35 41
35 47
35 64
35 81
35 87
35 91
36 39
36 43
36 45
36 50
36 67
36 74
36 77
36 78
36 91
36 94
36 97
37 38
37 45
37 49
37 50
37 52
37 53
37 80
37 82
37 89
37 93
38 59
38 61
38 73
38 86
39 46
39 48
39 53
39 59
39 61
39 75
39 80
39 88
39 99
40 45
40 87
41 42
41 62
41 74
41 75
41 80
41 90
41 99
42 57
42 63
42 74
42 77
42 81
42 84
42 95
43 56
43 61
43 95
43 98
44 48
44 52
44 63
44 87
44 88
44 99
45 71
45 74
45 79
45 92
46 62
46 98
47 61
47 63
47 78
47 83
47 84
47 99
48 94
49 58
50 51
50 55
50 68
50 77
50 92
51 56
51 65
51 72
51 78
52 66
52 73
52 94
53 60
53 64
53 80
53 85
53 89
54 67
54 72
54 76
54 79
54 85
54 87
54 93
55 72
55 81
55 83
55 88
56 61
56 77
56 92
56 97
57 80
57 91
58 62
58 71
58 73
58 85
58 95
59 61
59 66
59 78
60 62
60 73
60 84
60 96
61 67
61 82
61 84
61 85
62 66
63 96
64 71
64 77
64 82
65 68
65 79
65 82
65 87
65 89
66 67
66 69
66 88
67 70
67 71
68 82
68 93
69 76
69 83
69 85
69 90
69 95
70 88
71 73
71 76
71 80
71 91
71 97
72 93
73 82
73 92
73 93
73 96
74 75
74 79
74 82
74 89
74 93
74 94
75 80
75 90
76 97
77 87
79 83
79 84
79 95
80 89
80 92
81 89
81 92
81 93
81 95
82 92
82 97
83 84
83 85
83 86
83 92
84 91
85 90
87 90
88 97
89 96
92 97
95 96
