100 500
0 17
0 20
0 33
0 47
0 53
0 54
0 70
0 76
0 83
0 96
1 8
1 11
1 16
1 40
1 43
1 46
1 49
1 57
1 62
1 67
1 80
1 87
2 18
2 28
2 39
2 41
2 50
2 94
3 10
3 28
3 54
3 64
3 70
3 71
3 91
4 17
4 20
4 39
4 50
4 57
4 58
4 81
4 85
4 98
5 28
5 33
5 41
5 49
5 58
5 67
6 8
6 10
6 12
6 15
6 17
6 18
6 30
6 35
6 44
6 46
6 52
6 55
6 62
6 86
6 92
6 96
7 20
7 25
7 27
7 39
7 43
7 57
7 67
7 74
7 75
7 79
7 84
7 87
8 11
8 16
8 19
8 21
8 30
8 38
8 40
8 43
8 53
8 55
8 59
8 61
8 68
8 70
8 83
9 13
9 23
9 33
9 59
9 74
9 78
9 83
9 85
9 96
10 17
10 33
10 35
10 36
10 40
10 44
10 67
10 84
10 96
11 25
11 27
11 30
11 38
11 61
11 62
11 65
11 67
11 84
11 94
12 13
12 14
12 19
12 21
12 60
12 63
12 67
12 69
12 70
13 26
13 43
13 46
13 48
13 59
13 80
13 89
13 91
14 19
14 20
14 27
14 36
14 43
14 62
14 64
14 80
14 82
15 27
15 28
15 29
15 31
15 35
15 42
15 44
15 48
15 55
15 71
15 76
15 78
15 94
16 17
16 20
16 34
16 51
16 65
16 75
17 31
17 48
17 58
17 69
17 79
17 86
17 88
18 20
18 60
18 62
18 75
18 87
18 90
18 95
18 98
19 29
19 42
19 53
19 58
19 77
19 82
19 86
19 99
20 45
20 55
20 74
21 27
21 28
21 29
21 31
21 37
21 42
21 44
21 56
21 80
21 97
21 98
22 34
22 35
22 63
22 67
22 79
23 25
23 27
23 29
23 40
23 54
23 55
23 56
23 66
23 69
23 78
23 86
23 87
23 98
24 35
24 43
24 59
24 81
24 84
24 86
24 92
24 93
24 96
25 33
25 50
25 51
25 58
25 61
25 69
25 76
25 91
25 92
26 30
26 32
26 44
26 48
26 63
26 73
26 92
27 28
27 45
27 64
27 79
27 80
28 42
28 44
28 67
28 70
28 77
28 80
28 83
28 85
28 90
28 94
28 97
29 34
29 47
29 48
29 66
29 76
29 99
30 44
30 58
30 65
30 66
30 73
30 94
30 95
31 35
31 54
31 69
31 72
31 79
31 86
31 95
32 55
32 68
33 56
33 72
33 91
33 92
34 39
34 40
34 50
34 55
34 59
34 65
34 72
34 76
34 77
35 39
35 43
35 44
35 63
35 64
35 68
35 77
36 51
36 61
36 64
36 65
36 75
36 85
37 63
37 74
37 77
37 79
37 91
37 92
37 97
38 49
38 51
38 52
38 57
38 58
38 59
38 63
38 73
38 82
38 86
38 92
38 93
39 46
39 51
39 52
39 53
39 59
39 87
40 51
40 69
40 75
40 76
40 77
41 42
41 49
41 69
41 77
41 79
41 90
41 92
41 97
42 53
42 61
42 66
42 69
42 78
44 45
44 48
44 56
44 65
44 73
44 78
44 86
45 48
45 55
45 58
45 60
45 72
45 85
45 87
45 92
46 51
46 59
46 60
46 71
46 74
46 94
46 95
47 49
47 84
47 94
47 97
48 50
49 79
49 92
49 94
50 72
50 89
51 53
51 65
51 67
51 68
51 86
51 91
51 98
51 99
52 54
52 60
52 61
52 63
52 66
52 84
53 57
53 67
53 81
53 87
53 96
53 97
53 98
54 56
54 62
54 64
54 67
54 71
54 72
54 90
55 56
55 76
56 61
56 65
56 68
56 87
56 94
56 97
57 74
57 94
58 64
58 83
58 85
59 63
59 73
59 77
60 82
60 91
61 62
61 65
61 67
61 73
61 79
61 84
61 92
61 94
62 63
62 72
63 78
63 84
63 95
63 98
64 69
64 83
64 93
65 66
65 78
65 93
66 67
66 93
67 73
67 96
68 76
68 83
68 88
68 90
68 96
68 98
69 74
69 77
70 77
70 80
70 84
70 93
70 95
71 80
71 89
72 93
73 82
73 94
74 97
75 80
75 92
77 82
77 91
78 86
79 83
79 85
81 87
81 90
81 98
81 99
83 89
84 85
84 93
84 96
86 87
86 90
87 90
87 98
88 92
90 93
91 96
92 96
93 97
94 97
95 96
