100 500
0 2
0 14
0 16
0 44
0 58
0 59
0 60
0 61
0 74
0 81
0 88
0 89
0 95
1 15
1 33
1 40
1 55
1 74
1 91
1 99
2 13
2 15
2 18
2 22
2 38
2 55
2 56
2 60
2 73
2 83
2 86
2 89
2 92
3 17
3 34
3 35
3 36
3 56
3 59
3 78
3 88
3 97
4 29
4 40
4 44
4 56
4 63
4 72
4 89
5 8
5 16
5 19
5 40
5 51
5 53
5 59
5 86
5 87
5 93
6 8
6 27
6 28
6 29
6 31
6 54
6 69
6 77
6 82
6 89
6 97
7 13
7 20
7 23
7 26
7 33
7 38
7 42
7 44
7 54
7 56
7 58
8 27
8 37
8 72
8 77
8 89
8 99
9 24
9 27
9 36
9 69
9 70
9 84
9 94
10 22
10 28
10 34
10 36
10 43
10 45
10 49
10 54
10 71
10 73
10 89
11 14
11 16
11 32
11 36
11 38
11 39
11 62
11 81
12 15
12 18
12 22
12 27
12 36
12 46
12 51
12 57
12 59
12 70
12 86
12 89
13 26
13 49
13 57
13 70
13 76
13 81
13 86
13 94
13 99
14 33
14 45
14 50
14 74
14 95
14 97
14 98
15 35
15 37
15 39
15 46
15 54
15 56
15 59
15 62
15 77
15 79
15 91
15 99
16 19
16 31
16 36
16 37
16 39
16 44
16 47
16 64
16 74
17 29
17 35
17 47
17 51
17 63
17 79
17 85
17 95
17 96
17 98
17 99
18 47
18 57
18 62
18 72
19 30
19 45
19 48
19 57
19 61
19 74
20 24
20 29
20 34
20 45
20 50
20 52
20 59
20 68
20 82
20 85
20 95
20 99
21 48
21 53
21 66
21 83
21 84
21 94
21 95
22 25
22 35
22 39
22 59
23 29
23 40
23 61
23 69
23 78
23 79
24 32
24 41
24 50
24 98
24 99
25 36
25 39
25 43
25 46
25 48
25 50
25 62
25 81
25 86
25 95
25 96
26 48
26 51
26 69
27 31
27 45
27 47
27 83
27 98
28 30
28 42
28 55
28 84
28 87
28 96
28 98
29 37
29 46
29 89
29 90
29 97
29 98
30 41
30 44
30 66
30 74
31 32
31 35
31 38
31 41
31 44
31 52
31 60
31 63
31 81
31 82
32 46
32 74
32 75
32 92
32 99
33 35
33 69
33 88
33 90
34 35
34 39
34 55
34 76
34 99
35 38
35 39
35 40
35 51
35 52
35 63
35 70
35 77
36 55
36 78
36 80
36 82
36 85
36 93
37 46
37 47
37 62
37 63
37 97
38 51
38 64
38 80
38 88
38 99
39 40
39 44
39 45
39 46
39 55
39 57
39 61
39 67
39 82
40 46
40 52
40 64
40 82
40 84
40 97
41 67
41 76
41 87
41 90
42 44
42 47
42 48
42 53
42 86
42 87
42 95
43 58
43 67
43 88
43 89
43 90
44 57
44 72
44 84
44 95
45 46
45 56
45 82
45 87
45 94
46 67
46 74
46 97
47 61
48 51
48 56
48 73
48 80
48 99
49 58
49 59
49 69
49 75
49 86
49 95
49 96
50 54
50 63
50 76
50 81
50 92
50 93
51 56
51 97
51 98
52 53
52 60
52 72
52 74
52 97
53 59
53 74
53 80
53 83
53 84
53 86
54 59
54 67
54 73
54 75
54 78
54 79
54 80
54 87
54 88
54 94
54 96
55 64
56 67
56 70
56 98
57 60
57 72
57 73
57 81
57 93
57 95
57 98
58 65
58 66
58 68
58 90
58 92
58 93
59 68
59 69
59 70
59 72
59 91
60 64
60 68
60 72
60 73
61 65
61 71
61 74
61 75
61 76
61 82
61 92
61 96
62 66
62 72
62 81
62 95
62 99
64 67
64 75
64 82
64 87
65 66
65 77
65 81
65 85
65 91
65 96
65 98
66 74
66 82
67 74
67 80
67 90
68 70
68 73
68 77
68 82
68 97
68 98
69 80
69 95
69 97
69 99
70 81
70 83
70 88
70 93
70 97
70 99
71 75
71 76
71 87
72 75
72 95
73 82
73 96
74 88
74 89
75 95
76 77
76 78
76 94
77 90
77 91
77 94
78 79
78 86
79 81
79 83
79 98
80 95
81 86
81 94
82 92
82 97
84 86
84 88
84 93
85 86
85 96
86 89
86 91
86 94
87 90
88 99
90 93
90 99
91 94
92 93
92 97
