100 500
0 9
0 15
0 17
0 25
0 30
0 48
0 60
0 61
0 72
0 78
0 96
1 23
1 40
1 47
1 52
1 72
1 79
1 80
1 82
1 88
1 93
2 38
2 48
3 15
3 22
3 26
3 37
3 44
3 45
3 55
3 57
3 64
3 65
3 67
3 76
3 91
3 93
4 9
4 15
4 53
4 58
4 65
4 82
4 90
5 7
5 27
5 35
5 38
5 44
5 62
5 64
5 68
6 8
6 14
6 28
6 48
6 49
6 55
6 86
6 93
7 14
7 16
7 17
7 34
7 65
7 74
7 83
7 89
7 95
7 97
8 11
8 15
8 16
8 32
8 51
8 82
9 12
9 24
9 37
9 47
9 61
9 72
9 89
10 16
10 22
10 26
10 34
10 74
10 76
11 20
11 25
11 53
11 61
11 77
11 82
11 98
12 13
12 20
12 58
12 65
12 72
13 21
13 27
13 68
13 81
13 89
13 92
13 94
14 38
14 70
14 85
14 91
15 36
15 65
15 76
15 78
15 97
16 18
16 22
16 31
16 43
16 50
16 57
16 70
16 82
16 87
16 88
17 18
17 21
17 24
17 33
17 34
17 36
17 61
17 63
17 76
17 77
17 79
17 82
18 28
18 35
18 37
18 40
18 41
18 53
18 58
18 63
18 72
18 85
18 90
19 35
19 45
19 52
19 55
19 63
20 29
20 37
20 38
20 43
20 45
20 51
20 56
20 67
20 80
20 84
20 99
21 26
21 33
21 34
21 40
21 46
21 53
21 59
21 67
21 72
21 74
22 23
22 60
22 62
22 73
22 75
22 79
22 82
22 87
22 94
22 97
22 98
23 28
23 40
23 70
23 73
23 90
24 30
24 38
24 42
24 45
24 55
24 77
24 79
24 86
24 97
25 28
25 52
25 55
25 60
25 64
26 30
26 34
26 47
26 53
26 55
26 64
26 82
26 93
27 34
27 48
27 50
27 91
27 97
28 44
28 52
28 68
28 75
28 87
28 89
28 92
28 93
29 35
29 40
29 46
29 79
29 80
29 99
30 38
30 75
30 79
30 95
31 37
31 46
31 49
31 57
31 60
31 69
31 77
31 82
31 84
31 92
32 48
32 62
32 66
32 70
32 72
32 77
32 89
32 98
33 44
33 48
33 53
33 60
33 63
33 64
33 68
33 71
33 72
33 75
33 76
33 85
34 42
34 43
34 65
34 69
34 77
34 82
34 95
35 46
35 54
35 62
35 79
35 81
35 82
35 89
35 90
36 37
36 47
36 49
36 55
36 57
36 58
36 61
36 66
36 82
36 83
36 93
36 94
36 97
37 43
37 74
37 82
37 93
38 41
38 44
38 88
38 89
38 98
39 44
39 46
39 50
39 62
39 67
39 68
39 93
40 43
40 44
40 60
40 61
40 77
40 88
40 94
41 44
41 49
41 65
41 72
41 75
41 88
41 96
42 49
42 63
42 65
42 74
42 90
43 51
43 65
43 76
43 93
44 49
44 51
44 61
44 74
44 85
44 91
44 99
45 47
45 49
45 54
45 61
45 62
45 76
45 77
45 80
46 47
46 48
46 53
46 59
46 62
46 81
47 66
47 80
47 90
48 75
48 85
48 99
49 55
49 70
49 71
49 85
49 87
49 88
49 92
50 56
50 66
50 68
50 74
51 76
51 92
52 55
52 71
52 75
53 56
53 62
53 63
53 70
53 78
53 90
54 55
54 60
54 70
54 78
54 82
55 60
55 63
55 66
55 76
55 79
55 82
55 91
56 58
56 59
56 68
56 72
56 77
56 86
56 97
57 60
57 67
57 68
57 83
57 95
58 64
58 83
58 87
58 98
59 61
59 64
59 87
59 91
59 95
60 72
60 75
60 76
60 84
60 87
61 65
61 75
61 76
61 96
62 64
62 76
62 82
62 85
62 98
63 70
63 86
63 92
64 77
64 87
64 96
65 74
65 84
66 77
66 91
66 94
66 95
67 74
67 91
67 98
68 76
68 78
68 91
68 92
69 71
69 78
69 90
69 99
70 90
71 80
71 93
71 94
71 97
72 86
73 80
73 87
73 97
74 80
74 81
74 85
74 94
75 78
75 83
75 95
75 98
76 84
77 89
77 91
77 96
78 80
78 81
78 85
78 86
78 88
78 96
78 97
79 96
79 99
80 88
81 83
81 90
81 92
82 83
83 87
84 86
84 89
84 92
85 96
87 88
87 90
89 90
90 98
93 94
94 96
97 99
