100 500
0 6
0 16
0 26
0 28
0 34
0 39
0 40
0 45
0 55
0 65
0 67
0 69
0 80
0 82
0 87
0 97
1 3
1 18
1 23
1 47
1 55
1 60
1 61
1 78
1 80
1 95
2 32
2 40
2 57
2 71
2 96
3 16
3 17
3 60
3 77
3 82
3 83
3 93
4 10
4 26
4 27
4 29
4 53
4 54
4 56
4 68
4 78
4 81
4 90
4 92
4 97
5 18
5 29
5 31
5 38
5 54
5 71
5 91
6 7
6 9
6 13
6 42
6 54
6 56
6 57
6 58
6 99
7 10
7 14
7 33
7 42
7 52
7 57
7 66
7 78
7 84
7 93
8 10
8 11
8 30
8 41
8 60
8 63
8 67
8 72
8 76
8 89
9 33
9 45
9 58
9 62
9 68
9 69
9 76
9 85
9 94
9 97
10 11
10 15
10 32
10 50
10 55
10 59
10 60
10 64
10 65
10 78
10 99
11 27
11 28
11 37
11 47
11 63
11 67
11 75
11 88
11 99
12 33
12 65
12 91
12 94
12 98
13 21
13 49
13 58
13 68
13 76
13 86
13 90
13 95
14 40
14 50
14 59
14 71
15 20
15 28
15 54
15 68
15 86
15 89
15 92
16 17
16 40
16 46
16 54
16 57
16 75
16 83
16 85
16 88
17 35
17 36
17 48
17 51
17 63
17 98
18 19
18 21
18 25
18 49
18 50
18 51
18 54
18 73
18 75
19 46
19 50
19 61
19 64
19 68
19 74
19 97
20 22
20 23
20 32
20 41
20 48
20 65
20 68
20 73
20 85
20 97
21 22
21 25
21 33
21 45
21 57
21 63
21 67
21 68
21 83
21 98
22 39
22 48
22 94
23 30
23 33
23 86
24 36
24 43
24 58
24 89
24 90
25 28
25 33
25 39
25 40
25 48
25 63
25 93
26 29
26 36
26 39
26 41
26 47
26 49
26 66
26 70
26 71
26 90
26 91
26 92
27 41
27 46
27 53
27 54
27 57
27 60
27 62
27 63
27 66
28 48
28 53
28 57
28 70
28 84
28 87
28 98
28 99
29 43
29 80
29 96
29 97
30 37
30 63
30 65
30 67
31 33
31 34
31 38
31 41
31 51
31 65
31 68
31 77
31 83
32 47
32 48
32 53
32 58
32 68
32 73
32 94
32 99
33 43
33 69
33 70
33 72
33 91
34 35
34 40
34 53
34 85
35 43
35 45
35 57
35 60
35 67
35 68
35 72
35 85
35 86
35 93
36 71
36 75
36 85
36 90
37 55
37 76
37 80
37 86
37 88
37 89
37 99
38 42
38 50
38 51
38 77
39 60
39 92
40 41
40 50
40 55
40 76
40 79
41 43
41 68
41 71
41 85
41 87
41 88
41 94
41 98
42 43
42 44
42 46
42 48
42 57
42 67
42 72
42 73
42 77
42 89
42 94
42 98
43 51
43 57
43 76
43 78
43 79
43 81
43 86
43 91
44 58
44 73
44 78
44 82
45 78
45 82
45 89
46 48
47 53
47 58
47 63
47 93
47 94
47 95
48 51
48 52
48 56
48 64
48 76
48 80
48 87
48 90
49 50
49 75
49 86
49 96
49 97
50 54
50 56
50 60
50 63
50 71
50 79
50 80
50 98
50 99
51 58
51 59
51 64
51 68
51 85
51 94
52 61
52 63
52 67
52 69
52 73
52 97
53 58
53 70
53 80
53 92
54 59
54 66
54 70
54 79
54 80
54 83
54 84
55 70
55 71
55 93
55 97
56 61
56 68
56 75
56 78
57 58
57 61
57 63
57 65
57 71
57 75
57 81
57 90
58 71
58 75
59 68
59 73
59 74
59 82
59 87
59 88
59 94
60 75
60 84
60 85
61 72
61 80
61 84
62 64
62 79
62 84
62 92
63 68
63 82
63 97
64 87
65 68
65 76
65 78
65 86
65 87
65 90
65 98
66 81
66 83
66 97
67 91
67 96
67 98
68 77
68 87
68 99
69 73
69 87
69 89
69 91
70 71
70 73
70 76
70 90
70 95
71 75
71 92
72 85
72 87
72 91
72 94
73 81
73 85
73 86
73 88
73 92
73 93
73 98
73 99
74 83
74 97
75 92
76 93
76 95
78 89
79 80
79 82
79 86
80 85
80 94
81 84
81 86
81 92
82 92
82 96
83 89
83 98
84 90
85 90
86 88
88 99
89 96
90 96
91 92
91 95
91 98
93 95
93 98
95 98
