100 500
0 8
0 9
0 41
0 58
0 60
0 62
0 68
0 77
0 85
0 90
0 94
1 2
1 31
1 44
1 45
1 53
1 75
1 86
2 5
2 7
2 17
2 20
2 46
2 56
2 84
2 99
3 10
3 32
3 34
3 54
3 73
3 74
3 80
3 84
4 16
4 46
4 47
4 53
4 67
4 70
4 80
4 94
4 98
5 15
5 19
5 37
5 38
5 58
5 68
5 73
5 83
5 85
5 93
6 26
6 34
6 44
6 45
6 47
6 67
6 89
6 93
6 95
6 98
6 99
7 42
7 51
7 56
7 60
7 79
7 92
7 93
8 31
8 33
8 49
8 55
8 69
8 83
8 98
9 26
9 33
9 57
9 59
9 65
9 67
9 70
9 73
9 74
9 84
9 86
9 94
10 16
10 30
10 35
10 55
10 57
10 59
10 61
10 73
10 74
10 99
11 39
11 43
11 51
11 54
11 61
11 64
11 66
11 90
12 13
12 31
12 33
12 42
12 45
12 46
12 49
12 56
12 67
12 79
12 86
12 93
13 31
13 50
13 58
13 64
13 65
13 71
13 75
13 80
13 93
14 19
14 48
14 55
14 62
14 63
14 67
14 68
14 74
14 78
14 84
14 90
14 96
14 98
15 21
15 35
15 47
15 53
15 62
15 63
15 77
15 88
16 17
16 20
16 38
16 43
16 45
16 49
16 62
16 68
16 70
16 71
16 78
16 83
16 88
16 92
17 41
17 51
17 54
17 60
17 62
17 63
17 81
18 21
18 68
18 73
18 74
18 80
19 27
19 38
19 41
19 42
19 44
19 52
19 57
19 69
19 91
19 97
20 43
20 47
20 66
20 84
20 87
20 97
21 29
21 33
21 34
21 47
21 79
21 85
22 27
22 79
22 84
22 92
23 27
23 31
23 44
23 69
23 70
23 85
23 92
23 96
23 97
24 41
24 42
24 55
24 57
24 65
25 28
25 31
25 43
25 47
25 74
25 81
25 90
26 37
26 45
26 55
26 68
26 74
26 96
26 97
27 32
27 34
27 46
27 57
27 60
27 89
27 93
27 95
28 30
28 37
28 64
28 65
28 94
29 30
29 53
29 57
29 82
29 83
29 91
29 95
30 39
30 51
30 56
30 61
30 76
30 99
31 33
31 58
31 68
32 38
32 39
32 52
32 74
32 89
32 92
33 41
33 65
33 81
33 87
34 44
34 47
34 64
34 68
34 83
34 91
35 46
35 63
35 64
35 88
35 91
36 42
36 44
36 48
36 54
36 69
36 86
36 90
36 91
37 43
37 51
37 57
37 59
37 62
37 70
37 76
37 98
38 56
38 72
38 80
38 83
38 91
38 99
39 54
39 75
39 76
40 42
40 54
40 64
40 66
40 78
40 82
40 97
41 42
41 43
41 51
41 72
41 91
41 97
42 43
42 69
42 88
42 90
43 68
43 70
43 77
43 82
43 83
43 89
44 52
44 63
44 79
44 87
44 89
45 50
45 59
45 71
45 75
45 83
45 94
46 50
46 53
46 58
46 59
46 83
46 92
46 95
47 52
47 62
47 66
47 89
47 91
48 49
48 57
48 59
48 61
48 66
48 67
49 59
49 73
49 96
50 59
50 65
50 66
50 74
50 82
50 86
50 91
50 95
51 59
51 64
51 78
51 85
51 93
51 96
52 67
52 85
52 92
52 93
52 96
53 54
53 62
53 72
53 82
53 90
53 94
53 99
54 61
54 70
54 75
54 83
54 88
55 57
55 58
55 85
56 78
56 98
57 78
57 79
57 84
57 93
58 66
58 86
58 87
59 75
59 80
59 84
59 90
59 93
60 63
60 67
60 69
60 70
60 72
60 94
60 96
61 68
61 80
61 87
61 96
62 88
62 89
62 92
63 66
63 69
63 75
63 86
63 91
63 98
64 96
65 69
65 77
65 86
65 90
66 73
66 74
66 84
66 87
66 92
66 93
67 69
67 71
67 88
67 91
68 75
68 95
68 97
69 71
69 87
70 81
70 94
70 97
71 77
71 79
71 84
71 91
72 82
72 90
73 79
73 92
73 94
74 76
74 79
74 86
75 81
75 98
76 77
76 82
76 89
76 99
77 94
77 97
78 83
78 88
78 91
79 88
79 96
80 89
80 94
81 95
82 97
83 96
83 98
84 88
84 89
84 99
85 91
85 97
86 89
86 93
86 95
87 99
88 90
88 99
89 91
89 92
89 93
90 93
92 99
94 96
94 98
