100 500
0 9
0 19
0 21
0 22
0 30
0 31
0 38
0 52
0 58
0 63
0 65
0 68
0 69
0 71
0 73
0 77
0 86
0 91
1 5
1 11
1 14
1 17
1 22
1 37
1 51
1 52
1 59
1 64
1 66
1 82
2 8
2 20
2 27
2 31
2 41
2 46
2 48
2 61
2 65
2 84
2 95
3 7
3 31
3 36
3 51
3 71
3 83
3 89
3 96
3 98
4 8
4 14
4 23
4 25
4 57
4 68
4 74
4 77
4 81
4 90
4 99
5 13
5 15
5 20
5 24
5 52
5 61
5 70
5 81
6 12
6 15
6 20
6 23
6 31
6 56
6 58
6 64
6 68
6 70
6 90
7 8
7 17
7 44
7 62
7 75
7 78
7 81
7 88
7 95
7 96
8 13
8 16
8 21
8 36
8 53
8 55
8 71
8 75
8 84
8 88
9 20
9 26
9 42
9 79
9 92
9 94
10 20
10 31
10 41
10 42
10 45
10 50
10 52
10 60
10 62
10 64
10 73
10 87
10 95
11 13
11 52
11 73
12 28
12 36
12 67
12 95
13 25
13 39
13 46
13 56
13 76
13 79
13 85
13 87
13 88
13 90
14 26
14 41
14 49
14 87
14 92
14 98
15 17
15 20
15 28
15 35
15 37
15 47
15 73
15 76
15 88
16 22
16 38
16 40
16 48
16 87
16 88
16 91
16 94
16 97
17 25
17 36
17 38
17 40
17 51
17 75
17 81
17 90
17 94
17 98
18 22
18 36
18 39
18 40
18 48
18 56
18 68
18 80
18 87
18 89
18 91
19 56
19 81
19 88
19 90
19 93
20 22
20 25
20 31
20 42
20 46
20 64
20 69
20 72
20 77
20 85
21 32
21 36
21 47
21 50
21 55
21 57
21 61
21 97
21 99
22 24
22 30
22 49
22 57
22 62
22 84
22 94
23 29
23 74
23 78
23 79
23 92
23 94
24 33
24 41
24 47
24 49
24 69
24 73
25 32
25 49
25 53
25 62
25 86
25 89
26 31
26 44
26 64
26 78
26 89
27 51
27 57
27 81
28 36
28 40
28 42
28 43
28 46
28 59
28 61
28 66
28 67
28 79
28 90
28 93
29 30
29 35
29 38
29 44
29 63
29 72
29 95
29 98
30 43
30 50
30 51
30 62
30 65
30 70
30 71
31 58
31 62
31 67
31 70
31 98
32 36
32 45
32 51
32 52
32 57
32 80
32 83
33 50
33 52
33 57
33 67
33 81
33 83
33 98
34 44
34 57
34 59
34 72
34 80
34 81
35 38
35 40
35 57
35 68
35 80
35 84
35 85
36 39
36 62
36 76
36 77
36 79
37 43
37 66
37 71
37 74
37 86
38 49
38 90
38 98
38 99
39 51
39 59
39 61
39 63
39 74
39 91
39 96
40 50
40 63
40 96
41 44
41 47
41 54
41 67
41 76
41 92
42 43
42 44
42 51
42 89
42 92
42 98
43 49
43 63
43 73
43 90
44 50
44 54
44 56
44 60
44 70
44 96
45 56
45 75
45 81
45 94
46 48
46 56
46 63
46 72
46 88
46 93
47 49
47 68
47 87
47 88
47 98
48 52
48 75
48 83
48 88
49 70
49 75
49 81
49 89
49 92
49 93
49 94
50 54
50 58
50 61
50 65
50 77
50 87
50 90
51 68
51 73
52 54
52 60
52 64
52 65
52 67
53 63
53 74
53 78
53 84
53 86
53 92
54 58
54 65
54 75
54 81
55 83
56 60
56 63
56 64
56 68
56 71
57 61
57 66
57 78
57 84
57 85
57 98
58 63
58 72
58 78
58 84
58 85
58 89
58 90
59 65
59 66
59 79
59 83
59 85
60 64
60 65
60 72
61 84
61 94
62 80
62 82
62 83
62 88
63 68
63 80
63 85
63 99
64 73
64 79
64 81
64 88
64 96
65 83
66 68
66 82
66 85
67 72
67 78
67 96
67 99
68 95
69 70
69 72
69 80
69 90
70 84
70 85
70 96
70 99
71 80
71 91
71 93
71 97
72 80
72 86
73 81
73 85
73 87
73 92
74 96
75 84
75 89
75 99
76 81
76 98
77 80
77 83
78 85
78 87
78 96
79 84
80 83
80 86
80 92
80 93
80 96
81 86
82 85
82 93
82 96
82 97
85 96
86 94
86 95
86 97
87 88
87 91
89 98
90 91
90 93
91 93
92 93
92 96
92 98
93 94
94 96
96 99
