100 500
0 2
0 3
0 6
0 26
0 27
0 33
1 29
1 33
1 41
1 48
1 56
1 64
1 79
1 97
1 98
2 6
2 19
2 25
2 43
2 77
2 96
2 97
2 98
3 4
3 5
3 32
3 39
3 42
3 46
3 53
3 55
3 70
3 71
3 73
3 74
3 78
3 79
3 90
4 14
4 19
4 24
4 32
4 39
4 45
4 47
4 54
4 56
4 59
4 84
4 92
4 99
5 9
5 11
5 23
5 25
5 44
5 45
5 70
5 94
6 19
6 22
6 31
6 35
6 49
6 55
6 67
6 68
6 70
6 78
6 81
6 82
6 92
7 8
7 15
7 17
7 19
7 21
7 23
7 28
7 29
7 30
7 34
7 36
7 41
7 53
7 55
7 68
7 71
7 74
7 78
7 84
7 99
8 28
8 32
8 34
8 38
8 50
8 53
8 57
8 65
8 73
9 13
9 18
9 21
9 26
9 29
9 77
9 88
9 91
10 21
10 52
10 67
10 70
10 78
10 90
11 18
11 25
11 29
11 34
11 40
11 49
11 51
11 64
11 73
11 83
11 88
12 16
12 52
12 54
12 55
12 74
12 94
12 95
13 26
13 27
13 31
13 45
13 53
13 54
13 65
13 76
13 77
13 79
13 84
13 91
13 99
14 15
14 17
14 35
14 37
14 62
14 77
14 81
14 82
14 85
14 92
14 93
14 96
15 32
15 39
15 40
15 82
15 92
15 96
16 29
16 48
16 54
16 62
16 63
16 77
16 96
16 98
17 27
17 36
17 37
17 54
17 69
17 78
17 96
18 20
18 35
18 40
18 83
18 89
19 27
19 32
19 42
19 45
19 54
19 56
19 84
20 42
20 44
20 46
20 86
20 89
21 24
21 37
21 47
21 81
21 82
21 86
21 97
21 98
22 48
22 60
22 67
22 82
22 87
23 40
23 46
23 68
23 85
24 32
24 37
24 38
24 60
24 70
24 85
24 88
25 36
25 40
25 44
25 47
25 57
25 63
25 64
25 69
25 70
25 72
25 73
26 39
26 51
26 55
26 65
26 79
26 95
26 98
27 29
27 56
27 72
27 77
27 89
27 99
28 38
28 40
28 48
28 56
28 57
28 84
28 96
28 98
29 41
29 63
29 66
30 46
30 48
30 49
31 42
31 45
31 49
31 50
31 83
31 86
31 91
31 96
31 97
32 37
32 39
32 55
32 60
32 85
32 86
32 94
32 96
33 41
33 42
33 45
33 60
33 67
33 77
33 96
34 36
34 77
34 90
34 95
35 50
35 52
35 61
35 62
35 67
35 69
35 79
35 94
35 98
36 41
36 46
37 48
37 52
37 60
37 71
37 72
37 75
37 81
38 55
38 75
38 81
38 83
38 91
38 94
38 99
39 40
39 41
39 61
39 67
39 86
39 90
40 43
40 49
40 59
40 60
40 84
40 91
40 94
40 96
40 98
41 46
41 58
41 71
41 76
42 45
42 46
42 49
42 51
42 53
42 60
42 63
42 88
42 89
42 93
42 97
43 58
43 62
43 65
43 93
44 46
44 48
44 55
44 86
44 91
45 51
45 54
45 59
45 72
45 83
46 51
46 64
47 67
47 70
47 75
47 78
47 96
47 99
48 53
48 55
48 91
48 93
49 50
49 56
50 60
50 65
50 74
51 62
51 78
51 89
52 66
52 67
52 76
52 84
52 86
52 89
52 92
52 93
52 94
52 97
53 54
53 56
53 61
53 87
53 88
53 99
54 70
54 71
54 76
54 84
54 92
54 98
55 64
55 70
55 76
55 83
55 97
56 60
56 63
56 77
56 78
56 84
56 85
56 94
57 69
57 97
58 60
58 63
58 67
58 72
58 86
58 90
58 93
58 96
58 97
59 68
59 74
59 79
59 84
61 63
61 69
61 70
61 73
61 80
61 96
62 81
62 97
63 76
63 81
63 86
63 88
63 96
64 74
64 78
64 82
64 87
64 99
65 68
65 76
65 88
65 93
66 93
66 94
67 71
67 73
67 95
67 96
68 84
68 87
68 91
69 70
69 79
70 78
70 91
71 75
71 91
72 77
72 79
72 97
72 98
73 77
73 81
73 87
74 79
74 82
74 84
74 98
75 86
75 90
75 92
75 93
76 96
77 83
77 88
77 97
77 99
78 85
79 91
80 83
80 94
81 84
82 97
82 99
83 96
85 86
85 91
88 90
89 96
89 98
90 91
90 98
90 99
91 94
93 98
94 98
