100 500
0 2
0 5
0 6
0 41
0 42
0 43
0 52
0 71
0 78
0 91
0 93
0 97
1 7
1 8
1 13
1 40
1 43
1 62
1 63
1 72
1 80
1 86
1 96
2 16
2 36
2 39
2 42
2 51
2 53
2 57
2 84
2 92
3 5
3 26
3 39
3 64
3 81
3 85
3 89
3 96
4 22
4 35
4 66
4 69
4 77
4 86
4 91
5 8
5 13
5 32
5 35
5 36
5 46
5 54
5 59
5 61
5 68
5 69
5 82
5 91
5 93
5 94
5 99
6 10
6 16
6 17
6 31
6 34
6 40
6 44
6 80
6 85
6 91
7 19
7 28
7 35
7 36
7 46
7 53
7 82
7 89
7 98
8 9
8 15
8 17
8 21
8 37
8 55
8 79
8 87
8 92
8 97
9 22
9 26
9 39
9 52
9 57
9 89
9 97
10 38
10 40
10 66
10 69
10 72
10 85
11 30
11 38
11 48
11 49
11 53
11 63
11 67
11 82
12 22
12 51
12 54
12 55
12 62
12 86
12 96
13 22
13 34
13 52
13 58
13 65
14 20
14 29
14 39
14 59
14 62
14 69
14 70
15 23
15 34
15 39
15 45
15 46
15 50
15 72
15 88
15 89
15 91
15 98
16 28
16 30
16 49
16 55
16 58
16 62
16 73
16 76
16 92
17 27
17 33
17 40
17 56
17 57
17 65
17 80
17 92
17 94
18 25
18 49
18 53
18 58
18 61
18 70
18 75
18 76
18 89
18 91
19 29
19 53
19 64
19 66
19 98
20 44
20 49
20 51
20 60
20 70
20 74
20 81
20 84
21 44
21 62
21 68
21 77
21 81
21 85
22 39
22 42
22 49
22 56
22 69
22 83
23 24
23 45
23 55
23 60
23 73
23 74
23 75
23 98
24 26
24 32
24 68
24 76
24 78
24 97
24 99
25 33
25 38
25 43
25 68
25 80
25 87
25 95
26 32
26 46
26 65
26 71
26 77
26 90
27 29
27 32
27 39
27 41
27 72
27 78
27 95
28 36
28 41
28 53
28 61
28 77
28 80
28 83
28 98
28 99
29 44
29 69
29 75
29 76
29 85
29 91
29 99
30 45
30 47
30 61
30 76
30 79
30 83
30 89
30 90
31 34
31 39
31 40
31 48
31 73
31 79
31 88
31 91
31 96
32 62
32 64
32 65
32 68
32 72
32 82
32 96
33 39
33 45
33 50
33 60
33 62
33 98
34 50
34 53
34 56
34 57
34 72
34 75
34 87
34 88
34 92
35 46
35 48
35 49
35 57
35 66
35 68
35 69
35 73
35 80
35 82
35 93
36 41
36 58
36 84
37 39
37 67
37 89
38 48
38 62
38 75
38 82
38 85
38 89
38 90
38 99
39 66
39 72
39 87
39 88
40 74
40 76
40 79
40 89
41 48
41 52
41 68
41 69
41 74
41 75
41 76
41 78
41 80
41 90
41 98
42 54
42 55
42 64
42 69
42 83
42 87
42 90
42 97
43 45
43 56
43 58
43 63
43 85
44 45
44 54
44 56
44 67
44 85
44 93
44 95
45 59
45 77
45 99
46 56
46 61
46 66
46 99
47 54
47 55
47 74
47 91
47 94
48 56
48 70
48 72
48 74
48 79
49 62
49 84
50 53
50 74
50 76
50 78
50 89
50 92
50 96
50 98
51 66
51 71
51 80
51 82
51 88
51 89
51 90
52 53
52 54
52 64
52 69
52 85
53 64
53 68
53 76
53 78
53 85
54 58
54 70
54 90
55 81
56 59
56 63
56 76
56 81
56 83
56 84
56 93
56 94
56 97
57 72
57 96
58 61
58 98
58 99
59 65
59 73
59 77
59 78
59 87
60 89
60 96
61 62
61 73
61 74
62 66
62 86
62 93
62 98
63 72
63 77
63 91
64 82
64 94
64 97
65 66
65 67
65 73
65 80
65 83
65 85
65 88
65 89
65 92
66 79
66 85
66 90
66 92
66 96
67 68
67 72
67 86
68 69
68 88
68 90
68 98
69 95
69 96
69 98
70 73
70 92
70 93
71 82
72 99
73 91
73 95
73 97
74 89
74 95
75 86
75 88
76 82
77 87
77 99
78 80
79 99
80 85
80 88
80 97
81 82
81 96
81 98
82 87
82 91
83 84
83 88
83 95
85 86
85 88
85 89
85 91
86 94
86 99
87 92
87 96
90 92
90 98
91 95
93 95
93 97
95 96
95 97
96 99
