100 500
0 2
0 16
0 28
0 47
0 48
0 52
0 67
0 70
0 79
0 81
0 82
0 97
1 7
1 11
1 27
1 40
1 45
1 46
1 52
1 64
1 66
1 83
1 91
1 97
2 4
2 8
2 10
2 18
2 45
2 48
2 51
2 76
2 85
2 90
3 18
3 24
3 32
3 44
3 66
3 69
3 87
3 97
4 7
4 14
4 16
4 31
4 36
4 39
4 41
4 53
4 54
4 88
4 94
4 98
5 12
5 27
5 32
5 43
5 44
5 49
5 50
5 54
5 64
5 65
5 70
5 76
5 81
5 93
5 94
5 95
6 10
6 16
6 20
6 32
6 38
6 47
6 64
6 80
6 83
6 86
6 90
7 9
7 11
7 20
7 24
7 31
7 38
7 60
7 73
7 84
8 32
8 37
8 49
8 64
8 66
8 73
9 13
9 48
9 59
9 67
9 69
9 72
9 74
9 85
10 25
10 54
10 91
10 97
11 21
11 30
11 48
11 53
11 79
11 91
11 98
12 14
12 17
12 63
12 71
12 80
12 81
12 85
12 96
13 27
13 51
13 77
14 15
14 20
14 34
14 38
14 44
14 51
14 75
15 24
15 42
15 45
15 46
15 49
15 91
16 18
16 19
16 26
16 30
16 32
16 43
16 51
16 53
16 58
16 66
16 81
17 31
17 46
17 52
17 61
17 62
17 78
17 99
18 25
18 34
18 50
18 83
18 97
19 27
19 37
19 49
19 68
19 70
19 84
19 89
19 90
19 91
19 96
19 99
20 24
20 25
20 26
20 32
20 70
20 82
20 91
21 31
21 35
21 68
21 85
21 87
21 91
21 99
22 24
22 51
22 53
22 56
22 69
22 79
22 83
22 90
23 24
23 30
23 33
23 34
23 44
23 57
23 59
23 60
23 63
23 72
23 79
23 81
24 29
24 30
24 34
24 38
24 50
24 55
24 67
24 70
24 75
24 89
25 38
25 47
25 50
25 91
26 72
26 77
26 81
26 96
26 99
27 40
27 42
27 73
27 77
27 84
27 90
27 91
28 62
28 68
28 74
28 81
28 83
29 33
29 36
29 37
29 76
29 80
29 95
29 99
30 32
30 47
30 48
30 57
30 59
30 61
30 62
30 75
30 76
30 79
30 83
30 92
31 39
31 60
31 70
31 81
31 93
32 54
32 55
32 64
32 69
32 73
32 75
32 76
32 78
33 37
33 41
33 45
33 47
33 62
33 70
34 39
34 44
34 50
34 51
34 60
34 69
34 87
35 38
35 40
35 44
35 49
35 66
35 90
35 92
36 44
36 80
36 87
36 88
36 89
37 42
37 77
37 80
37 81
37 87
37 89
37 90
38 60
38 62
38 71
38 73
38 74
38 77
38 81
38 87
39 49
39 54
39 61
39 65
39 67
39 80
39 84
40 54
40 62
40 67
40 69
40 72
40 85
40 87
40 88
41 60
41 82
41 91
42 47
42 51
42 54
42 63
42 68
42 81
42 87
43 51
43 61
43 72
43 88
44 55
44 62
44 82
44 87
44 90
45 51
45 58
45 64
45 79
45 80
45 90
46 51
46 65
46 72
46 79
46 89
46 93
46 94
46 98
47 55
47 68
47 69
48 58
48 70
48 71
48 94
49 50
49 62
49 64
49 72
49 74
49 80
49 81
49 99
50 64
50 69
50 72
50 76
50 78
50 87
50 88
50 89
50 92
50 95
50 97
51 54
51 62
52 56
52 60
52 64
52 65
52 71
52 73
52 79
52 81
52 91
53 56
53 59
53 85
54 55
54 57
54 58
54 71
54 75
54 91
54 98
54 99
55 63
55 73
56 61
56 76
56 86
56 93
57 73
57 79
57 99
58 73
58 80
58 98
59 60
59 64
59 71
59 86
60 62
60 80
60 81
60 93
60 98
61 66
61 88
62 75
62 82
63 64
63 77
63 96
64 79
64 95
65 73
65 77
65 79
65 91
65 94
67 70
67 96
68 77
68 85
68 87
68 89
68 94
68 96
68 98
70 79
70 83
70 88
71 76
71 84
72 77
72 92
74 75
74 83
74 88
74 90
75 79
75 84
75 88
75 95
75 96
75 97
76 78
76 82
76 88
76 90
76 92
76 96
77 78
77 82
77 84
77 95
77 97
77 99
78 94
79 83
79 85
79 86
79 87
79 93
82 84
83 89
83 98
86 95
86 96
87 92
89 90
89 96
89 98
90 94
91 94
91 98
92 97
92 99
94 95
