100 500
0 40
0 45
0 65
0 68
0 73
0 81
0 85
0 99
1 36
1 37
1 43
1 50
1 82
1 84
1 92
1 94
1 97
2 23
2 32
2 36
2 42
2 55
2 56
2 59
2 77
2 78
2 86
2 94
3 7
3 17
3 36
3 45
3 51
3 52
3 71
3 73
3 80
3 89
3 93
3 95
3 96
4 19
4 28
4 62
4 65
4 90
5 7
5 16
5 23
5 54
5 83
5 85
5 93
6 8
6 13
6 25
6 30
6 40
6 49
6 73
6 79
6 82
6 86
7 9
7 10
7 36
7 51
7 52
7 53
7 63
7 75
7 85
7 88
7 91
7 94
8 13
8 22
8 28
8 29
8 31
8 46
8 47
8 49
8 71
8 82
9 19
9 30
9 45
9 47
9 57
9 60
9 80
9 89
9 91
9 95
10 14
10 19
10 32
10 50
10 52
10 56
10 74
10 91
10 98
11 21
11 41
11 43
11 46
11 56
11 60
11 88
12 17
12 37
12 53
12 55
12 58
12 71
12 86
12 87
13 24
13 32
13 42
13 45
13 53
13 57
13 62
13 78
13 86
14 27
14 37
14 39
14 46
14 79
14 91
14 95
15 17
15 21
15 27
15 32
15 45
15 51
15 62
15 74
15 84
15 87
16 27
16 28
16 37
16 41
16 42
16 47
16 58
16 73
16 82
16 84
17 23
17 47
17 54
17 57
17 60
17 72
17 73
17 75
17 77
17 78
18 22
18 24
18 38
18 42
18 45
18 48
18 72
18 78
18 88
18 91
18 94
19 28
19 35
19 36
19 40
19 55
19 57
19 68
19 79
19 85
19 90
19 96
20 32
20 39
20 44
20 50
20 53
20 59
20 74
20 77
20 83
21 35
21 74
21 84
21 86
21 95
22 26
22 27
22 28
22 46
22 56
22 78
22 79
22 97
23 25
23 31
23 33
23 69
23 86
23 91
24 28
24 33
24 46
24 57
25 30
25 31
25 34
25 37
25 53
25 76
25 77
25 82
26 33
26 41
26 48
26 70
26 77
26 78
26 88
26 93
26 96
27 48
27 70
27 73
27 77
27 99
28 40
28 60
28 84
28 90
29 47
29 48
29 58
29 70
29 82
29 89
30 35
30 41
30 48
30 52
30 65
30 70
30 87
30 89
31 41
31 43
31 44
31 55
31 80
31 83
31 88
31 96
32 34
32 38
32 39
32 47
32 66
32 79
33 38
33 47
33 56
33 59
33 68
33 70
33 81
33 94
34 36
34 45
34 53
34 66
34 87
34 88
34 99
35 38
35 78
35 96
36 46
36 48
36 53
36 64
36 77
36 89
36 95
36 98
37 57
37 58
37 68
37 71
37 79
37 82
38 40
38 41
38 58
38 85
38 94
38 97
39 40
39 43
39 62
39 66
39 75
39 88
39 99
40 45
40 47
40 49
40 50
40 81
40 82
40 88
41 45
41 49
41 56
41 57
41 67
41 82
41 83
42 67
42 74
43 46
43 69
43 71
43 82
43 83
44 53
44 61
44 79
44 89
44 93
44 98
45 46
45 47
45 57
45 84
45 96
45 98
45 99
46 64
46 69
47 49
47 66
47 67
47 75
47 94
48 72
48 86
49 77
49 86
49 88
49 96
50 60
50 68
50 73
50 75
50 77
50 97
51 54
51 58
51 70
51 72
51 74
51 78
51 81
51 84
51 97
52 60
52 79
52 86
52 97
53 54
53 71
53 72
53 73
53 76
53 82
53 84
53 94
54 56
54 59
54 69
54 75
54 85
54 94
54 99
55 63
55 68
55 81
55 90
56 66
56 67
56 88
56 92
56 98
56 99
57 60
57 72
57 75
57 76
57 87
57 89
57 99
58 62
58 68
58 69
58 81
58 98
59 71
59 84
59 85
60 67
60 87
61 67
61 75
61 90
61 97
61 99
62 95
62 96
63 74
63 91
63 98
64 66
64 69
64 97
65 73
65 96
66 73
66 83
67 93
67 99
68 71
68 73
68 77
68 88
68 91
69 95
69 99
70 85
70 88
70 92
70 96
71 76
71 79
71 95
71 99
72 85
72 94
73 75
73 93
74 76
74 78
74 89
74 98
75 82
75 91
76 77
76 87
76 95
77 86
77 89
77 94
78 92
78 93
78 95
78 97
79 97
80 81
80 94
82 85
82 91
83 90
83 91
83 95
83 96
84 94
85 91
86 97
87 91
87 95
88 96
89 90
89 94
90 93
90 99
96 99
