100 500
0 18
0 21
0 25
0 29
0 43
0 53
0 58
0 59
0 76
0 78
0 88
1 4
1 12
1 25
1 42
1 59
1 66
1 67
1 74
1 76
1 88
2 3
2 4
2 11
2 13
2 28
2 29
2 30
2 33
2 35
2 36
2 37
2 38
2 46
2 49
2 61
2 70
2 73
2 76
2 89
2 94
3 33
3 34
3 40
3 55
3 61
3 76
3 77
3 78
3 95
4 28
4 29
4 43
4 44
4 50
4 52
4 56
4 62
4 64
4 88
5 7
5 15
5 22
5 25
5 33
5 37
5 61
5 75
5 79
5 85
5 89
5 95
6 28
6 51
6 58
6 60
6 68
6 71
6 85
7 10
7 25
7 26
7 27
7 46
7 55
7 61
7 67
7 70
7 89
8 11
8 17
8 30
8 35
8 67
8 78
8 85
8 88
8 99
9 24
9 37
9 51
9 53
9 58
9 65
9 75
9 89
9 98
10 21
10 27
10 29
10 32
10 43
10 65
10 98
11 23
11 35
11 47
11 56
11 78
11 84
11 87
11 88
11 89
12 17
12 18
12 20
12 24
12 29
12 54
12 69
12 83
12 87
12 99
13 31
13 36
13 40
13 47
13 51
13 55
13 63
13 83
13 85
13 94
13 95
13 97
13 98
14 18
14 20
14 30
14 31
14 55
14 67
14 75
14 82
14 83
14 99
15 24
15 28
15 29
15 38
15 50
15 53
15 63
15 72
15 77
15 83
15 86
15 97
16 37
16 41
16 44
16 49
16 63
16 75
16 82
16 85
16 88
17 23
17 34
17 37
17 46
17 56
17 62
17 63
17 69
17 72
17 81
17 82
17 84
18 44
18 69
18 97
19 50
19 55
19 77
19 83
19 88
19 93
20 29
20 41
20 43
20 68
20 83
20 85
20 97
21 35
21 38
21 48
21 49
21 56
21 79
21 86
21 94
22 45
22 47
22 48
22 78
22 83
22 84
23 39
23 59
23 60
23 61
23 63
23 70
24 29
24 41
24 50
24 52
24 53
24 59
24 61
25 51
25 64
25 66
25 70
25 74
25 80
25 82
25 94
26 44
26 63
26 73
26 78
26 82
26 88
26 91
26 93
26 94
27 41
27 55
27 57
27 58
27 68
27 70
27 72
27 74
27 86
27 89
27 91
28 33
28 52
28 65
28 68
28 70
28 77
28 86
28 99
29 31
29 39
29 52
29 55
29 59
29 78
29 81
29 92
29 94
30 50
30 61
30 66
30 68
30 72
31 33
31 41
31 82
31 89
31 90
32 72
33 35
33 48
33 54
33 57
33 71
33 75
33 92
33 94
33 99
34 37
34 54
34 72
34 73
34 81
34 84
34 96
35 47
35 49
35 64
35 66
35 81
35 89
35 91
36 76
36 79
36 88
37 39
37 48
37 60
37 64
37 68
37 70
37 82
37 86
37 90
38 51
38 52
38 61
38 75
39 40
39 42
39 74
39 82
39 84
39 94
40 49
40 82
40 91
41 62
41 63
41 93
41 99
42 45
42 69
42 94
43 54
43 63
43 76
43 78
43 89
44 50
44 51
44 52
44 53
44 60
44 85
44 86
45 56
45 77
45 78
45 86
45 95
45 96
46 53
46 56
46 63
46 85
46 89
46 96
47 50
47 60
47 67
47 74
48 50
48 71
48 72
48 82
48 85
49 59
49 60
49 65
49 67
49 68
49 77
49 92
50 66
50 71
50 73
50 80
51 54
51 55
52 59
52 62
52 79
52 97
53 55
53 62
53 78
53 80
53 87
53 92
54 66
54 68
54 73
54 81
54 92
55 58
55 80
55 84
55 99
56 58
56 61
56 63
56 68
56 69
57 63
57 71
57 87
57 98
58 59
58 62
58 97
59 60
59 71
59 79
59 82
59 96
59 99
60 64
60 71
60 78
60 81
61 77
61 81
61 86
61 93
62 64
62 67
62 74
62 75
62 76
62 78
62 80
62 94
63 74
63 79
63 82
63 91
64 72
64 82
65 93
65 95
65 97
66 72
67 78
67 85
68 70
68 79
68 84
68 87
69 79
69 90
69 91
70 77
70 84
70 96
71 73
71 75
72 74
72 81
72 95
73 79
73 85
73 97
74 78
74 98
75 89
75 94
76 85
76 91
77 78
77 90
78 97
78 99
79 86
79 99
80 92
81 83
81 86
81 96
81 98
82 93
83 89
83 93
83 99
87 88
88 99
90 92
92 98
93 95
93 98
98 99
