100 500
0 4
0 13
0 19
0 63
0 66
0 72
0 74
0 86
0 89
0 91
0 96
0 97
1 9
1 20
1 30
1 33
1 48
1 49
1 53
1 56
1 60
1 92
1 95
2 3
2 5
2 11
2 12
2 22
2 32
2 35
2 47
2 50
2 53
2 75
2 86
3 4
3 9
3 11
3 12
3 22
3 45
3 47
3 49
3 88
4 12
4 28
4 32
4 37
4 40
4 41
4 42
4 51
4 62
5 11
5 19
5 46
5 48
5 50
5 51
5 59
5 60
5 86
5 89
5 93
6 21
6 33
6 59
6 72
6 74
6 85
6 90
6 98
7 16
7 17
7 20
7 22
7 25
7 37
7 53
7 65
7 66
8 11
8 15
8 18
8 32
8 33
8 36
8 63
8 65
8 69
8 81
8 86
8 95
9 13
9 20
9 32
9 37
9 40
9 47
9 90
10 30
10 47
10 73
10 80
11 38
11 57
11 62
11 71
11 83
11 90
11 99
12 24
12 25
12 32
12 36
12 38
12 42
12 47
12 77
12 82
12 83
12 84
12 91
12 97
12 98
13 15
13 23
13 27
13 28
13 52
13 62
13 63
13 76
13 92
13 95
14 23
14 25
14 41
14 61
14 62
14 69
14 72
14 74
14 91
14 95
15 21
15 79
15 87
15 98
16 37
16 47
16 48
16 84
16 86
16 88
17 20
17 45
17 57
17 63
17 71
17 80
17 82
17 90
18 28
18 29
18 35
18 53
18 79
19 40
19 43
19 61
19 85
19 89
19 90
19 95
20 68
20 76
20 77
20 88
21 24
21 31
21 32
21 35
21 36
21 42
21 49
21 58
21 70
21 76
21 84
21 86
22 66
22 74
22 75
22 78
22 79
22 80
22 84
22 93
22 94
23 36
23 42
23 49
23 52
23 62
23 66
23 76
24 34
24 46
24 96
25 31
25 38
25 59
25 62
25 67
25 82
25 95
25 98
26 33
26 35
26 41
26 57
26 58
26 71
26 72
26 75
26 80
26 84
26 99
27 47
27 54
27 66
27 75
27 76
28 50
28 72
28 86
28 89
28 90
28 92
29 32
29 46
29 74
30 39
30 45
30 51
30 61
30 66
30 87
31 34
31 39
31 65
31 74
31 83
31 96
32 38
32 43
32 45
32 53
32 60
32 61
32 65
32 77
32 79
32 83
32 91
33 52
33 69
33 91
33 93
33 97
34 54
34 58
34 85
34 98
35 36
35 39
35 40
35 48
35 63
35 72
35 81
35 82
35 87
35 89
36 44
36 47
36 50
36 54
36 84
36 99
37 47
37 49
37 52
37 60
37 78
38 52
38 63
38 68
38 87
38 89
39 42
39 45
39 52
39 72
39 83
40 46
40 56
40 58
40 66
40 81
40 85
40 86
40 92
40 95
41 43
41 47
41 48
41 53
41 58
41 75
41 77
41 85
41 89
41 98
42 50
42 72
42 79
42 82
42 91
43 53
43 83
44 45
44 52
44 72
44 73
44 77
44 81
44 87
45 58
45 63
45 69
45 81
45 91
46 47
46 49
46 57
46 70
46 77
46 87
46 96
46 97
47 60
47 62
47 72
47 91
48 84
48 94
49 53
49 58
49 63
49 64
49 66
50 64
50 75
50 78
51 54
51 66
51 76
51 79
51 85
51 99
52 54
52 63
52 67
52 77
52 94
53 57
53 58
53 66
53 67
53 68
53 74
53 75
53 77
53 84
54 59
54 65
54 72
54 78
54 93
54 96
54 98
55 59
55 95
56 57
56 58
56 65
56 91
56 92
56 98
57 63
57 64
57 87
58 63
58 70
58 81
58 82
58 83
58 89
58 92
59 86
59 87
59 95
59 97
60 63
60 83
60 91
61 73
61 75
61 82
61 84
62 67
63 66
63 82
64 68
64 69
64 77
64 78
64 93
65 67
65 87
65 98
66 73
66 79
66 85
66 96
67 68
67 71
67 78
67 86
68 81
68 87
68 88
69 87
69 92
69 95
69 96
70 72
70 77
70 93
70 94
71 82
71 93
72 73
72 85
72 88
72 93
73 74
73 75
73 81
73 82
73 84
73 94
74 84
74 85
74 89
74 92
74 93
74 97
75 80
75 93
75 99
76 84
76 87
76 93
76 95
77 84
77 86
77 92
79 90
79 96
80 85
80 94
80 97
81 89
81 93
81 94
82 94
85 87
85 98
87 91
87 92
87 94
87 98
88 91
90 98
92 98
92 99
95 98
