100 500
0 19
0 28
0 39
0 53
0 78
1 2
1 20
1 31
1 53
1 56
1 58
1 79
1 84
2 7
2 14
2 25
2 40
2 46
2 55
2 61
2 80
2 96
3 18
3 21
3 43
3 65
3 67
3 68
3 70
3 73
3 84
3 87
3 94
4 17
4 21
4 51
4 61
4 63
4 79
4 82
4 89
5 8
5 20
5 33
5 36
5 43
5 47
5 63
5 66
5 70
5 78
5 82
5 85
5 95
5 96
6 14
6 16
6 33
6 35
6 64
6 79
6 88
6 91
6 92
6 95
7 8
7 15
7 21
7 30
7 35
7 36
7 54
7 60
7 80
7 95
8 24
8 29
8 35
8 39
8 41
8 47
8 53
8 58
8 62
9 19
9 22
9 27
9 31
9 35
9 39
9 50
9 57
9 63
9 66
9 82
9 86
10 28
10 30
10 32
10 34
10 45
10 47
10 48
10 49
10 67
10 69
10 73
10 77
10 88
10 99
11 16
11 31
11 40
11 54
11 59
11 60
11 83
12 20
12 24
12 48
12 55
12 58
12 79
12 83
12 87
12 88
12 92
13 62
13 81
13 82
13 84
13 96
14 31
14 49
14 53
14 57
14 77
14 78
14 81
14 82
14 85
15 26
15 29
15 39
15 57
15 90
16 22
16 44
16 57
16 66
16 83
16 93
16 97
16 98
16 99
17 18
17 21
17 24
17 36
17 67
17 70
17 73
17 77
17 82
17 97
18 24
18 27
18 28
18 80
18 87
18 92
19 31
19 39
19 53
19 75
19 78
19 99
20 24
20 31
20 32
20 33
20 35
20 43
20 49
20 50
20 52
20 58
20 65
20 82
21 34
21 39
21 40
21 58
21 61
21 63
21 72
21 73
21 74
21 78
21 83
21 85
21 88
21 96
21 98
22 24
22 41
22 52
22 65
22 96
23 37
23 38
23 40
23 61
23 81
23 90
24 48
24 49
24 79
24 80
24 82
25 34
25 40
25 44
25 45
25 46
25 49
25 61
25 69
25 73
25 79
25 81
25 91
25 99
26 28
26 30
26 36
26 45
26 68
26 75
26 78
26 79
26 81
27 38
27 39
27 41
27 51
27 62
27 67
27 68
27 86
27 98
28 35
28 42
28 47
28 55
28 70
28 80
28 99
29 31
29 52
29 65
29 74
29 84
29 99
30 39
30 41
30 65
30 77
30 82
30 84
30 85
30 93
30 95
30 97
31 33
31 35
31 36
31 58
31 59
31 90
32 47
32 52
32 59
32 62
32 74
32 78
32 83
32 88
32 92
32 93
33 39
33 46
33 48
33 59
33 76
33 96
34 38
34 58
34 65
34 68
34 74
34 77
34 79
34 96
35 43
35 44
35 65
35 90
35 91
36 56
36 58
36 61
36 64
36 68
37 43
37 48
37 58
37 70
37 76
37 80
37 88
38 41
38 53
38 70
38 77
38 80
39 43
39 54
39 56
40 41
40 45
40 52
40 68
40 82
40 84
40 95
41 59
41 67
41 72
41 73
41 90
41 97
41 98
42 68
42 70
42 83
43 46
43 54
43 67
43 69
43 77
43 85
43 86
43 91
43 98
44 61
44 68
44 82
44 87
44 95
45 54
45 55
45 74
45 90
46 49
46 54
46 56
46 67
46 75
46 76
46 84
46 88
47 50
47 60
47 61
47 81
47 84
47 93
47 95
47 99
48 49
48 73
48 79
48 81
48 83
48 93
49 50
49 56
49 68
49 84
50 58
50 66
50 77
50 78
50 88
50 89
51 54
51 61
51 81
52 54
52 68
52 75
52 88
52 90
53 77
53 82
54 55
54 69
54 87
55 81
55 83
55 99
56 77
56 81
56 86
57 64
57 73
57 79
57 83
57 98
57 99
58 85
58 93
59 80
59 92
60 62
60 84
60 85
60 87
60 98
61 64
61 70
61 73
61 79
61 96
62 83
62 95
63 65
63 78
63 86
63 87
64 79
64 87
64 97
65 81
65 99
66 71
67 77
68 73
68 82
68 98
69 74
69 94
69 95
69 99
70 76
70 91
71 93
71 94
71 97
72 91
72 95
73 88
73 90
73 92
74 75
74 86
75 90
76 83
76 86
76 92
76 98
77 78
77 92
78 83
78 94
78 96
78 97
78 98
79 84
80 95
81 83
81 97
82 85
82 90
85 86
85 96
85 98
86 99
87 95
87 98
89 92
90 99
91 96
91 97
92 99
93 95
94 95
94 99
96 99
