100 500
0 25
0 44
0 47
0 67
0 93
1 3
1 11
1 18
1 22
1 49
1 50
1 56
1 71
1 85
1 89
1 95
2 18
2 23
2 31
2 55
2 60
2 76
2 79
2 88
3 6
3 25
3 54
3 56
3 86
3 89
3 95
3 96
4 7
4 17
4 34
4 43
4 44
4 48
4 52
4 54
4 55
4 60
4 70
4 77
5 15
5 19
5 23
5 31
5 37
5 39
5 80
6 13
6 16
6 22
6 33
6 49
6 52
6 53
6 79
6 82
6 84
6 86
6 87
6 93
7 28
7 30
7 54
7 63
7 67
8 23
8 53
8 69
8 74
8 96
9 12
9 19
9 28
9 29
9 38
9 47
9 51
9 70
9 73
9 91
9 97
10 21
10 43
10 48
10 62
10 73
10 86
11 14
11 15
11 20
11 22
11 24
11 26
11 29
11 32
11 73
11 84
11 92
12 15
12 22
12 26
12 36
12 43
12 51
12 52
12 53
12 66
12 68
12 84
12 88
13 19
13 46
13 50
13 57
13 58
13 72
13 81
13 88
14 15
14 20
14 36
14 42
14 45
14 47
14 63
14 92
14 95
15 33
15 41
15 44
15 49
15 50
15 51
15 53
15 74
15 75
15 85
16 19
16 37
16 54
16 73
16 76
16 97
17 23
17 27
17 30
17 34
17 58
17 75
17 76
17 77
17 88
17 90
17 91
17 98
18 20
18 27
18 28
18 40
18 47
18 51
18 73
18 82
18 94
18 98
19 45
19 46
19 69
19 73
19 80
19 90
20 51
20 54
20 69
20 72
20 73
20 96
21 31
21 73
21 77
21 80
21 93
22 39
22 43
22 54
22 80
22 87
23 42
23 46
23 50
23 52
23 54
23 55
23 59
23 67
23 69
23 70
23 75
23 90
24 45
24 56
24 58
24 73
24 75
24 83
25 30
25 35
25 39
25 41
25 46
25 51
25 59
25 63
25 65
25 68
25 69
25 72
25 77
25 80
25 90
25 95
25 96
26 33
26 41
26 58
26 61
26 63
26 70
26 83
26 87
26 88
26 90
26 91
26 97
26 98
27 31
27 32
27 35
27 60
27 63
27 71
27 78
27 88
27 92
27 97
28 42
28 48
28 69
28 74
28 77
28 81
29 51
29 56
29 65
29 68
29 70
29 94
29 98
30 43
30 50
30 62
30 63
30 64
30 74
30 98
31 33
31 48
31 70
31 84
31 87
31 97
32 54
32 69
32 77
32 99
33 40
33 68
33 81
33 86
33 87
33 92
34 65
34 76
34 77
34 78
34 79
34 86
34 91
35 41
35 49
35 54
35 63
35 72
35 73
35 79
35 83
35 91
36 38
36 49
36 65
36 68
36 84
37 38
37 39
37 41
37 47
37 51
37 62
37 63
38 43
38 74
38 85
38 90
38 95
39 40
39 45
39 65
39 73
39 80
40 43
40 48
40 51
40 56
40 85
41 50
41 60
41 66
41 71
41 96
42 53
42 71
42 76
42 80
42 87
42 91
43 60
43 62
43 63
43 64
43 74
43 83
44 52
44 57
44 76
44 83
44 93
44 94
44 96
45 62
45 77
45 80
45 99
46 75
46 91
46 94
46 98
47 57
47 61
47 62
47 91
47 93
48 61
48 66
48 71
48 76
49 51
49 52
49 76
50 55
50 68
50 92
50 93
51 76
51 78
51 80
51 87
51 90
51 91
52 59
52 62
52 65
52 87
52 92
52 98
53 59
53 82
53 85
53 94
53 98
54 57
54 69
54 80
54 82
54 93
55 74
55 76
55 79
55 93
56 57
56 59
56 72
56 80
56 81
56 83
56 92
57 68
57 71
57 74
57 98
58 61
58 75
58 78
58 82
58 94
58 99
59 73
59 92
59 95
60 67
60 68
60 73
60 81
61 65
61 68
61 71
61 78
61 90
62 73
62 82
62 91
62 99
63 76
63 81
63 88
63 98
64 66
64 96
64 99
65 66
65 67
66 69
66 77
66 81
66 88
66 92
67 80
67 90
67 92
68 91
68 98
68 99
69 84
69 91
70 73
71 77
71 81
72 84
72 85
72 93
72 96
72 98
73 79
73 91
74 82
74 88
74 89
76 97
77 78
77 85
77 95
78 80
78 92
78 94
78 98
79 80
79 86
80 85
80 92
80 98
81 85
82 83
82 95
82 98
83 88
84 85
85 86
85 87
88 89
88 95
88 98
89 93
90 92
91 93
93 98
94 95
95 97
