100 500
0 4
0 16
0 21
0 27
0 30
0 36
0 57
0 64
0 71
0 72
0 73
0 79
0 82
1 11
1 19
1 34
1 48
1 52
1 54
1 61
1 69
1 73
1 86
1 92
1 95
1 99
2 4
2 8
2 13
2 40
2 46
2 48
2 53
2 63
2 74
2 75
2 85
3 4
3 8
3 12
3 20
3 22
3 23
3 28
3 36
3 39
3 41
3 56
3 74
3 93
4 12
4 14
4 17
4 19
4 27
4 35
4 59
4 61
4 85
4 93
5 11
5 36
5 38
5 50
5 78
5 83
5 91
5 94
5 98
6 13
6 16
6 22
6 56
6 57
6 95
6 96
7 16
7 36
7 44
7 54
7 82
7 83
8 13
8 32
8 38
8 41
8 62
8 90
9 12
9 17
9 19
9 22
9 26
9 51
9 54
9 58
9 72
9 95
10 17
10 29
10 39
10 41
10 43
10 45
10 47
10 51
10 64
10 81
10 88
10 91
10 92
10 96
10 97
11 13
11 14
11 19
11 24
11 26
11 39
11 48
11 80
11 86
11 92
11 93
12 14
12 26
12 28
12 39
12 55
12 61
12 66
12 76
12 78
12 82
12 84
12 92
12 99
13 18
13 36
13 56
13 65
13 72
13 76
13 79
13 85
13 90
14 52
14 59
14 70
14 75
14 80
15 32
15 62
15 67
15 87
16 24
16 33
16 34
16 41
16 42
16 45
16 50
16 58
16 68
16 71
16 75
16 76
16 77
16 85
16 86
16 93
16 96
16 98
16 99
17 26
17 32
17 44
17 47
17 60
17 62
17 64
17 69
17 78
17 91
18 27
18 41
18 48
18 51
18 54
18 55
18 69
18 71
18 91
18 97
19 21
19 27
19 29
19 35
19 61
19 65
19 70
19 77
19 85
19 93
20 24
20 27
20 39
20 44
20 45
20 58
20 65
20 71
20 86
20 94
21 69
21 72
21 97
22 47
22 80
22 92
23 43
23 53
23 56
23 62
23 80
23 88
23 89
23 96
24 26
24 44
24 62
24 63
24 79
24 80
24 84
24 89
24 97
25 27
25 34
25 41
25 42
25 43
25 48
25 69
25 71
25 73
25 90
26 30
26 57
26 73
26 80
26 81
26 91
26 95
27 56
27 77
27 85
28 30
28 31
28 39
28 47
28 50
28 55
28 71
28 75
28 77
28 78
28 91
28 95
29 48
29 60
29 62
29 79
29 92
29 96
30 40
30 47
30 56
30 77
30 80
30 91
31 43
31 47
31 57
31 66
31 81
31 90
31 94
31 98
32 39
32 58
32 61
32 63
32 99
33 50
33 92
34 35
34 65
34 76
34 85
35 38
35 48
35 49
35 50
35 59
35 60
35 62
35 63
35 85
35 88
36 39
36 41
36 47
36 73
36 79
36 98
37 48
37 59
37 65
37 68
37 71
37 72
38 62
38 67
38 96
38 97
39 54
39 56
39 74
39 78
39 79
39 90
39 99
40 49
40 58
40 74
40 78
40 93
40 95
40 99
41 43
41 86
42 55
42 77
42 79
42 86
42 95
42 97
43 46
43 50
43 53
43 54
43 64
43 66
43 69
43 87
44 46
44 56
44 74
44 81
45 68
45 75
45 83
46 49
46 75
46 78
47 60
47 61
47 74
48 56
48 61
49 88
49 97
50 75
50 80
50 92
50 99
51 58
51 60
51 67
52 61
52 73
53 62
53 82
53 86
53 90
54 59
54 72
54 73
54 78
54 92
54 95
55 69
55 87
55 93
55 98
56 64
56 84
56 85
56 90
57 64
57 70
57 71
57 73
57 78
57 86
57 88
57 89
57 98
58 83
58 91
58 93
58 94
59 61
59 65
59 67
59 72
59 93
60 62
60 78
60 83
61 85
62 79
62 98
63 71
63 89
64 74
64 87
64 96
65 66
65 73
65 84
65 88
65 94
65 97
66 67
66 68
66 71
66 72
66 75
66 87
66 89
66 99
67 70
67 78
67 83
67 84
67 91
68 74
68 90
69 84
69 89
69 98
70 86
70 92
71 77
71 78
71 83
71 93
72 76
72 82
73 75
73 94
73 95
74 82
74 90
74 91
75 84
75 88
76 78
76 80
76 89
76 93
76 94
76 98
77 78
77 83
77 87
77 97
78 99
79 99
80 85
80 93
80 94
81 85
81 89
81 90
82 85
82 92
82 93
82 97
85 89
85 96
86 92
86 97
87 91
87 94
91 97
92 95
93 98
