100 500
0 5
0 9
0 15
0 17
0 21
0 46
0 48
0 69
0 72
0 88
1 12
1 18
1 23
1 33
1 35
1 36
1 37
1 46
1 52
1 71
1 72
1 75
1 83
1 86
1 92
2 7
2 8
2 10
2 23
2 24
2 26
2 33
2 37
2 40
2 69
2 70
2 77
2 88
2 95
2 96
2 99
3 18
3 25
3 34
3 56
3 66
3 69
3 98
4 7
4 12
4 13
4 21
4 22
4 28
4 33
4 52
4 58
4 67
4 76
4 82
4 93
5 10
5 12
5 23
5 25
5 40
5 51
5 62
5 77
5 79
5 92
6 29
6 31
6 54
6 59
6 81
6 94
7 10
7 20
7 49
7 53
7 84
7 85
7 86
7 97
8 13
8 14
8 24
8 37
8 61
8 63
8 76
8 79
8 80
9 21
9 31
9 48
9 58
9 75
9 85
9 89
9 98
10 18
10 23
10 34
10 48
10 61
10 67
10 74
10 84
10 85
10 89
10 96
11 21
11 45
11 60
11 77
11 79
11 83
11 94
11 96
11 98
12 22
12 30
12 51
12 64
12 66
12 72
12 82
12 85
12 96
13 31
13 35
13 37
13 53
13 55
13 60
13 63
13 70
14 21
14 25
14 53
14 67
14 70
14 72
14 74
14 76
14 88
14 92
15 24
15 27
15 28
15 47
15 49
15 53
15 74
15 84
15 90
15 97
16 23
16 35
16 38
16 54
16 59
16 66
16 69
16 70
16 73
16 80
17 52
17 64
17 69
17 84
17 85
17 89
17 96
18 24
18 28
18 30
18 38
18 43
18 53
18 56
18 57
18 75
18 79
18 81
18 91
18 93
18 95
19 30
19 39
19 43
19 50
19 70
19 76
20 21
20 35
20 37
20 47
20 49
20 50
20 67
20 69
20 85
20 86
20 87
20 89
20 91
20 94
21 40
21 54
21 59
21 63
21 72
22 45
22 48
22 51
22 53
22 60
22 70
22 77
23 29
23 45
23 51
23 62
23 82
23 88
23 90
24 35
24 42
24 43
24 46
24 47
24 61
24 88
25 26
25 32
25 63
25 74
25 79
25 85
25 94
25 99
26 27
26 30
26 41
26 66
26 76
26 85
26 86
26 94
27 49
27 61
27 62
27 84
27 88
28 38
28 46
28 54
28 68
28 81
29 44
29 54
29 66
29 83
30 46
30 65
31 33
31 37
31 56
31 57
31 79
31 86
31 89
31 98
32 36
32 37
32 44
32 48
32 60
32 68
32 77
32 81
32 85
33 66
33 80
33 86
33 91
33 92
34 39
34 51
34 97
35 36
35 43
35 44
35 46
35 62
35 83
35 92
36 39
36 40
36 44
36 52
36 80
37 39
37 40
37 46
37 48
37 61
37 64
37 71
37 76
37 77
37 80
37 86
37 99
38 74
38 88
38 90
38 99
39 44
39 54
39 60
39 66
39 76
39 80
39 95
39 99
40 86
40 90
40 95
40 98
41 46
41 57
41 75
41 81
41 98
42 45
42 46
42 52
42 55
42 56
42 71
42 73
42 74
42 82
42 89
42 91
43 44
43 49
43 57
43 75
43 84
44 52
44 60
44 74
44 93
44 95
45 63
45 92
45 95
46 62
46 81
46 93
46 99
47 52
47 73
47 87
47 94
48 53
48 57
48 61
48 72
48 76
48 77
48 89
48 96
49 53
49 71
49 75
49 79
49 96
50 70
50 73
50 74
50 77
50 95
50 99
51 66
51 77
52 70
52 72
52 87
52 91
52 95
52 98
53 61
53 68
53 76
53 77
53 87
53 97
54 56
54 62
54 87
54 92
55 64
55 71
55 75
55 94
55 98
56 57
56 64
56 77
57 83
57 84
57 89
57 99
58 72
58 78
58 96
59 82
59 86
59 96
60 66
60 68
60 76
60 81
61 65
61 79
61 80
62 80
62 88
63 71
63 75
63 83
63 84
63 98
64 69
64 75
64 87
65 66
65 70
65 82
65 84
65 86
65 90
65 92
66 68
66 72
66 84
66 90
67 74
67 87
68 86
69 76
69 87
69 88
69 93
69 97
71 75
71 86
71 91
72 73
75 80
75 93
76 83
76 87
76 89
76 92
76 98
77 80
77 87
77 90
77 94
78 79
78 85
78 91
78 95
78 98
80 88
80 91
82 83
83 91
83 92
84 86
85 90
85 93
85 95
86 95
87 95
87 98
89 99
90 93
90 95
92 94
94 95
96 99
97 99
