100 500
0 3
0 11
0 12
0 22
0 24
0 38
0 40
0 46
0 56
0 68
0 70
0 76
0 78
0 91
0 95
1 33
1 38
1 40
1 58
1 70
1 87
1 90
1 93
1 98
2 5
2 11
2 27
2 31
2 32
2 39
2 61
3 14
3 33
3 42
3 44
3 53
3 63
3 68
3 70
3 87
4 17
4 20
4 24
4 49
4 53
4 58
4 83
5 10
5 14
5 21
5 28
5 35
5 39
5 40
5 48
5 76
5 77
5 80
5 86
5 88
5 90
6 10
6 14
6 16
6 17
6 34
6 68
6 76
6 78
6 79
6 83
6 86
6 87
7 10
7 14
7 27
7 31
7 37
7 55
7 68
7 75
7 77
7 85
7 91
8 10
8 11
8 43
8 50
8 51
8 60
8 61
8 62
8 65
8 66
8 75
8 78
8 84
8 85
8 87
9 30
9 33
9 40
9 47
9 59
9 70
9 73
9 77
9 82
9 85
9 92
10 24
10 38
10 63
10 68
10 72
10 73
10 75
10 80
10 84
10 93
10 98
11 15
11 33
11 41
11 50
11 53
11 57
11 86
11 89
11 90
12 25
12 29
12 43
12 44
12 49
12 58
12 64
12 79
12 91
12 99
13 28
13 36
13 46
13 49
13 64
13 79
13 80
13 84
13 86
13 90
13 95
14 15
14 22
14 46
14 47
14 67
14 70
14 85
14 95
15 31
15 47
15 49
15 57
15 64
15 73
15 85
16 27
16 28
16 44
16 59
16 61
16 76
16 80
16 85
16 93
17 39
17 41
17 43
17 59
17 72
17 83
17 92
17 93
18 50
18 52
18 54
18 57
18 71
18 75
18 76
18 91
18 96
19 29
19 45
19 49
19 56
19 96
20 33
20 43
20 51
20 75
20 80
20 90
20 91
20 92
21 23
21 24
21 26
21 44
21 52
21 65
21 72
21 79
21 81
21 94
22 23
22 29
22 32
22 38
22 42
22 55
22 65
22 68
22 73
22 79
22 83
22 88
22 89
23 26
23 52
23 53
23 73
23 79
23 99
24 44
24 62
24 71
24 72
24 97
25 37
25 54
25 56
25 58
25 60
25 93
26 35
26 36
26 65
26 85
26 98
27 58
27 79
27 98
28 40
28 46
28 64
28 73
28 76
28 80
28 97
28 98
29 38
29 42
29 45
29 47
29 54
29 60
29 62
29 64
29 74
29 80
29 91
30 49
30 53
30 63
30 71
30 76
30 77
31 46
31 54
31 68
31 94
31 96
32 52
32 54
32 77
32 81
32 89
32 91
33 50
33 55
33 66
33 82
33 86
33 89
34 35
34 37
34 52
34 53
34 58
34 68
34 90
35 38
35 39
35 52
35 61
35 64
35 73
35 80
35 84
35 90
36 48
36 51
36 53
36 58
36 63
36 70
36 78
36 94
37 40
37 46
37 51
37 58
37 81
37 96
38 65
38 70
39 52
39 65
39 75
39 80
39 97
40 45
40 54
40 80
40 91
40 97
41 42
41 49
41 51
41 56
41 57
41 73
41 76
41 99
42 50
42 67
42 84
42 86
42 87
42 99
43 56
43 70
43 86
43 90
43 93
44 59
44 91
45 51
45 58
45 63
45 67
45 95
46 49
46 57
46 79
47 52
47 60
47 75
48 53
48 54
48 68
48 73
48 84
48 86
48 90
48 98
49 65
49 75
49 98
50 53
50 64
50 85
51 76
51 91
51 92
51 96
52 71
52 74
52 84
52 86
52 94
53 59
53 63
53 70
53 74
53 83
53 89
53 94
53 95
54 67
54 74
54 78
55 59
55 63
55 64
55 65
55 74
55 78
55 86
56 63
56 89
56 90
56 91
56 94
57 60
57 62
57 64
57 66
57 95
58 76
58 78
58 85
58 89
58 94
58 96
59 81
59 83
59 90
60 65
60 74
60 84
60 91
61 75
61 78
61 99
62 67
62 69
62 82
62 93
62 94
62 95
63 66
64 92
65 84
65 91
66 67
66 77
66 82
66 87
66 88
66 91
67 69
67 82
67 83
67 91
68 74
69 71
69 73
69 76
69 77
69 78
69 79
69 83
69 90
70 79
70 81
70 84
71 88
71 97
71 98
72 77
73 81
74 94
75 81
75 92
75 95
75 99
76 85
76 99
77 81
78 82
78 94
78 96
78 97
79 95
80 89
81 82
81 84
82 93
82 94
83 89
85 89
86 94
88 91
89 90
90 99
91 95
95 98
97 99
