100 500
0 5
0 11
0 18
0 48
0 49
0 50
0 63
0 82
0 84
0 99
1 15
1 20
1 38
1 43
1 49
1 50
1 57
1 65
1 67
1 80
1 94
1 95
2 6
2 29
2 32
2 44
2 50
2 62
2 79
2 87
3 6
3 13
3 19
3 40
3 57
3 78
3 81
4 18
4 27
4 44
4 49
4 55
4 79
5 20
5 58
5 68
5 70
5 73
5 89
5 97
6 7
6 10
6 14
6 18
6 22
6 36
6 45
6 67
6 92
6 94
7 17
7 24
7 27
7 33
7 47
7 64
7 74
7 81
7 87
8 48
8 52
8 66
8 71
8 83
8 94
8 99
9 12
9 22
9 38
9 44
9 49
9 51
9 57
9 87
9 89
9 92
9 94
9 95
10 42
10 58
10 74
10 82
10 84
10 94
10 99
11 14
11 17
11 24
11 37
11 40
11 52
11 58
11 62
11 73
11 80
11 96
12 13
12 51
12 59
12 69
12 74
12 76
12 77
12 91
13 15
13 19
13 27
13 36
13 37
13 55
13 67
13 69
13 72
13 78
13 82
13 98
14 27
14 32
14 34
14 36
14 60
14 86
15 22
15 41
15 59
15 61
15 62
15 96
16 33
16 45
16 46
16 52
16 64
16 72
16 76
16 77
16 83
16 97
17 36
17 41
17 48
17 54
17 69
17 71
17 77
17 83
17 89
18 29
18 31
18 41
18 45
18 48
18 54
18 55
18 62
18 79
18 85
18 89
19 37
19 41
19 49
19 56
19 77
19 81
20 22
20 30
20 40
20 42
20 46
20 50
20 77
20 79
20 90
20 92
20 98
21 32
21 33
21 41
21 44
21 54
21 60
21 62
21 69
21 83
21 85
21 89
22 25
22 27
22 38
22 45
22 50
22 71
22 75
22 82
22 86
22 91
22 95
23 33
23 34
23 36
23 40
23 41
23 46
23 63
23 66
23 69
23 71
23 78
23 93
24 25
24 34
24 40
24 67
24 72
24 74
24 75
25 28
25 29
25 32
25 39
25 59
25 64
25 77
25 85
25 90
26 34
26 42
26 44
26 51
26 70
26 76
26 78
26 87
27 30
27 44
27 46
27 48
27 51
27 54
27 58
27 65
27 66
27 78
27 82
27 84
27 87
27 91
27 97
28 29
28 48
28 49
28 51
28 52
28 75
28 83
28 84
28 92
28 96
29 30
29 51
29 66
29 87
29 90
30 46
30 56
30 86
30 91
31 35
31 39
31 45
31 54
31 57
31 61
31 63
32 41
32 42
32 51
32 69
32 98
33 55
33 65
33 74
33 80
34 36
34 37
34 38
34 40
34 49
34 54
34 57
34 80
34 86
35 50
35 59
35 62
35 66
35 94
35 99
36 61
36 93
37 61
37 72
37 77
37 82
38 39
38 63
38 70
38 90
38 91
39 58
39 64
39 69
39 77
39 79
39 86
39 93
39 96
40 49
40 79
40 92
40 93
41 58
41 80
41 96
42 50
42 70
42 72
42 73
42 88
42 89
43 53
43 82
43 96
44 54
44 57
44 62
44 87
44 92
45 57
46 54
46 77
46 88
46 93
47 50
47 52
47 90
47 99
48 50
48 54
48 56
48 68
48 74
48 78
48 94
49 50
49 51
49 57
49 63
49 73
49 81
50 70
50 75
50 80
50 82
50 96
51 52
51 60
51 68
51 76
51 81
52 58
52 66
52 77
52 84
52 92
52 99
53 59
53 63
53 80
53 94
54 56
54 64
54 92
54 96
55 66
55 86
55 91
55 95
56 62
56 64
56 74
56 84
56 90
56 95
56 96
57 63
57 77
57 90
57 97
58 62
58 70
58 94
58 97
59 66
59 98
60 91
60 96
61 76
61 78
61 85
61 87
61 89
62 70
62 85
62 98
63 67
63 68
63 74
63 91
63 96
64 65
64 68
64 70
64 74
64 89
65 90
65 92
65 96
66 69
66 82
66 92
66 96
67 68
67 75
67 81
67 87
67 98
68 69
68 93
70 71
70 74
70 76
70 82
70 98
71 84
71 88
71 96
71 99
72 75
72 89
73 83
73 84
73 97
74 86
74 96
75 89
75 90
75 97
76 88
76 91
77 78
77 79
77 83
77 87
77 96
78 93
79 84
79 90
79 94
80 81
80 93
80 97
81 84
81 87
81 99
82 85
82 96
83 87
84 94
85 86
85 95
86 91
86 95
87 89
88 98
92 95
93 94
93 96
96 99
97 99
