100 500
0 6
0 9
0 20
0 23
0 24
0 26
0 37
0 38
0 58
0 91
1 15
1 20
1 29
1 54
1 57
1 68
1 77
1 81
1 85
1 90
1 98
2 15
2 22
2 25
2 31
2 79
2 84
2 89
3 10
3 17
3 20
3 35
3 41
3 61
3 68
3 72
3 74
3 80
3 81
3 84
4 9
4 17
4 18
4 22
4 25
4 30
4 32
4 33
4 67
4 72
4 82
4 93
5 9
5 23
5 53
5 60
5 90
6 7
6 15
6 16
6 17
6 25
6 26
6 29
6 32
6 38
6 53
6 92
7 15
7 17
7 24
7 41
7 68
7 86
7 90
8 14
8 16
8 59
8 69
8 73
8 78
8 85
8 88
8 89
8 93
9 16
9 31
9 32
9 74
10 12
10 27
10 28
10 29
10 35
10 45
10 51
10 65
10 78
10 90
11 15
11 17
11 37
11 40
11 46
11 53
11 72
11 73
11 89
12 14
12 17
12 22
12 39
12 44
12 60
12 65
12 68
12 69
12 79
12 86
12 91
12 97
13 16
13 21
13 33
13 49
13 58
13 93
14 16
14 20
14 35
14 40
14 47
14 54
14 67
14 78
14 92
14 95
15 17
15 18
15 21
15 67
15 82
15 86
15 90
15 96
15 98
16 17
16 20
16 24
16 30
16 39
16 48
16 77
16 84
16 99
17 30
17 44
17 49
17 52
17 87
17 98
18 71
18 88
19 22
19 28
19 35
19 44
19 48
19 50
19 56
19 67
19 73
19 75
19 82
20 45
20 58
20 68
20 87
20 96
20 98
21 26
21 66
21 83
22 24
22 29
22 42
22 57
22 65
22 89
22 90
22 91
23 30
23 38
23 39
23 45
23 87
24 60
24 64
24 66
24 68
24 76
24 82
24 89
25 60
25 67
25 88
25 90
26 31
26 33
26 39
26 45
26 50
26 72
26 81
26 82
26 90
27 30
27 38
27 50
27 56
27 81
27 98
28 29
28 33
28 39
28 51
28 55
28 79
29 33
29 41
29 43
29 50
29 60
29 72
29 73
29 78
29 80
29 89
29 91
29 99
30 42
30 51
30 52
30 63
30 66
30 82
31 40
31 44
31 47
31 50
31 61
31 68
31 69
31 79
31 82
31 93
31 99
32 38
32 39
32 42
32 48
32 88
33 40
33 46
33 60
33 67
33 82
33 89
33 91
34 43
34 47
34 49
34 59
34 64
34 78
34 81
34 86
34 88
34 97
35 44
35 50
35 60
36 40
36 42
36 48
36 59
36 76
36 81
37 44
37 45
37 49
37 52
37 58
37 63
37 64
37 70
37 75
37 78
37 95
38 56
38 65
38 71
38 72
38 79
38 92
39 43
39 50
39 55
39 58
39 74
39 78
39 82
39 83
39 84
39 98
40 59
40 84
40 98
41 70
41 84
41 88
41 95
42 52
42 53
42 57
42 58
42 69
42 78
42 86
42 90
43 48
43 50
43 60
43 65
43 66
43 67
43 91
44 52
44 55
44 61
44 77
44 84
44 85
44 89
44 98
45 53
45 66
45 70
45 89
46 74
46 87
46 90
46 99
47 81
47 93
48 51
48 69
48 73
49 57
49 68
49 69
50 57
50 64
50 68
50 83
51 52
51 59
51 61
51 62
51 82
51 89
51 94
52 58
52 59
52 87
53 65
53 68
53 74
53 76
53 77
53 81
53 91
53 93
53 99
54 57
54 70
54 71
54 83
55 59
55 62
55 64
55 81
55 87
55 90
55 92
56 61
56 84
56 89
57 94
57 95
58 69
58 80
58 83
58 84
58 92
58 93
58 99
59 60
59 72
59 74
59 97
60 66
60 70
60 91
60 92
60 96
61 80
61 82
61 85
61 88
61 98
62 68
62 69
62 82
62 97
63 71
63 72
63 95
63 96
65 68
65 74
65 75
65 78
65 81
65 82
65 89
66 67
66 69
66 72
66 81
66 95
67 80
67 90
67 98
68 70
68 71
68 83
68 98
69 74
69 82
69 86
69 93
70 79
70 89
70 96
71 72
71 83
71 88
71 91
71 97
72 74
72 75
72 78
72 82
72 84
72 98
73 74
73 75
73 77
73 80
74 79
74 93
75 79
75 88
76 87
76 94
76 96
76 97
77 98
78 94
79 83
80 87
80 94
80 97
81 94
82 85
82 89
82 99
83 92
85 88
85 98
86 88
86 96
87 88
87 93
88 96
89 98
90 91
90 93
92 96
