100 500
0 16
0 22
0 29
0 31
0 33
0 44
0 53
0 58
0 60
0 61
0 65
0 70
0 71
0 83
0 90
1 4
1 9
1 46
1 53
1 83
2 5
2 7
2 18
2 24
2 31
2 35
2 36
2 47
2 60
2 71
2 75
2 79
2 93
2 97
3 5
3 9
3 11
3 28
3 35
3 40
3 54
3 81
3 82
4 22
4 23
4 35
4 68
4 69
4 77
4 79
4 86
5 13
5 26
5 38
5 51
5 52
5 54
5 77
6 7
6 11
6 37
6 46
6 73
6 81
6 83
6 84
6 85
6 92
7 13
7 17
7 20
7 21
7 23
7 41
7 45
7 55
7 62
7 69
7 71
7 72
7 73
7 77
7 89
7 93
8 10
8 13
8 17
8 20
8 24
8 27
8 36
8 50
8 52
8 62
8 75
8 98
9 20
9 26
9 38
9 44
9 50
9 75
9 78
9 85
9 94
9 95
9 96
9 99
10 16
10 25
10 35
11 20
11 25
11 53
11 63
11 79
11 85
11 91
11 93
11 95
11 97
11 98
12 35
12 39
12 47
12 54
12 85
12 93
12 95
13 20
13 46
13 51
13 58
13 65
13 79
13 82
13 83
13 89
14 26
14 30
14 33
14 38
14 39
14 40
14 54
14 77
14 84
14 85
14 86
14 87
14 95
14 97
15 17
15 38
15 46
15 48
15 52
15 75
15 80
15 81
15 91
16 24
16 28
16 33
16 49
16 61
16 63
16 67
16 72
16 75
16 83
16 98
17 34
17 37
17 43
17 62
17 65
17 73
18 19
18 55
18 64
18 67
18 95
19 21
19 26
19 45
19 47
19 48
19 69
19 78
19 80
19 93
19 96
20 23
20 28
20 30
20 41
20 45
20 48
20 60
20 66
20 71
20 72
21 23
21 27
21 28
21 44
21 66
21 68
21 72
22 25
22 27
22 40
22 41
22 43
22 49
22 53
22 64
22 68
22 76
22 87
22 91
23 24
23 26
23 27
23 36
23 39
23 60
23 73
23 78
23 80
23 85
23 99
24 26
24 31
24 34
24 36
24 43
24 49
24 59
24 88
24 89
24 90
25 27
25 63
25 65
25 71
25 85
25 91
26 43
26 56
26 64
26 81
26 84
27 40
27 41
27 47
27 55
27 57
27 64
27 81
27 85
28 30
28 49
28 58
28 63
28 65
28 77
28 97
29 32
29 39
29 42
29 55
29 61
29 66
29 72
29 76
29 88
30 44
30 62
30 63
30 70
30 83
31 52
31 64
31 70
31 73
31 86
32 48
32 51
32 65
32 80
32 94
32 95
32 96
33 41
33 56
33 57
33 58
33 62
33 65
33 73
34 39
34 54
34 57
34 63
34 66
34 74
34 85
34 89
35 39
35 48
35 53
35 68
35 82
35 83
35 99
36 47
36 50
36 55
36 67
36 68
36 79
36 83
36 94
36 98
37 45
37 64
37 79
37 82
37 85
37 91
38 52
38 53
38 56
38 75
38 78
38 96
39 46
39 47
39 59
39 61
39 75
39 76
39 78
40 50
40 57
40 71
40 80
41 46
41 47
41 76
42 45
42 48
42 51
42 69
42 70
42 73
42 91
42 92
43 52
43 61
43 77
43 92
43 99
44 56
44 63
44 71
44 73
44 75
44 78
44 90
44 92
44 99
45 56
45 63
45 75
45 95
46 65
46 74
46 76
46 93
46 96
46 97
47 51
47 83
47 86
47 90
47 93
48 53
48 54
48 57
48 61
48 66
48 77
48 93
49 63
50 53
50 68
51 53
51 59
51 64
51 89
52 53
52 61
52 69
52 75
52 82
52 99
53 56
53 64
53 72
53 73
53 77
53 84
54 64
54 73
54 75
54 81
54 85
54 91
54 95
56 59
56 81
56 84
56 87
56 96
57 61
58 60
58 64
58 68
58 72
58 84
58 91
59 71
59 83
59 84
59 94
60 71
60 79
60 82
60 93
61 75
61 82
61 98
62 71
62 84
62 91
64 82
64 89
65 77
65 80
65 90
65 99
66 92
66 94
66 98
67 71
68 97
69 95
70 72
71 83
71 97
71 98
72 92
73 77
73 90
73 95
74 80
74 82
74 87
74 99
75 89
75 91
75 95
75 96
75 97
76 77
76 78
76 79
76 87
77 94
78 81
78 83
78 90
79 85
81 84
83 99
84 92
84 99
85 93
85 95
88 93
88 98
89 90
91 92
91 96
93 94
94 99
97 98
