100 500
0 9
0 20
0 50
0 55
0 62
1 38
1 49
1 68
1 86
2 6
2 8
2 25
2 26
2 56
2 72
2 91
3 31
3 39
3 43
3 51
3 52
3 62
3 67
3 73
3 92
3 93
4 72
4 83
4 96
4 98
5 13
5 16
5 31
5 52
5 69
5 75
5 95
6 24
6 33
6 35
6 44
6 58
6 61
6 86
6 98
7 8
7 20
7 24
7 26
7 30
7 36
7 37
7 49
7 53
7 65
7 69
7 74
7 85
8 25
8 34
8 46
8 48
8 49
8 68
8 78
9 11
9 20
9 24
9 29
9 49
9 51
9 74
9 79
9 82
9 87
10 15
10 24
10 26
10 34
10 40
10 69
10 73
10 74
10 79
10 82
11 14
11 15
11 18
11 19
11 28
11 30
11 35
11 40
11 47
11 54
11 56
11 67
11 77
11 80
11 83
11 87
11 94
11 97
11 99
12 17
12 33
12 40
12 49
12 64
12 69
12 71
12 78
12 85
12 91
12 96
12 98
13 25
13 31
13 36
13 50
13 52
13 53
13 59
13 68
13 84
13 94
14 38
14 43
14 51
14 52
14 55
14 71
14 75
14 78
14 90
14 99
15 25
15 28
15 30
15 37
15 47
15 48
15 49
15 57
15 60
15 64
15 97
16 21
16 24
16 41
16 49
16 59
16 74
16 86
16 91
16 94
17 32
17 39
17 43
17 45
17 73
17 75
17 98
18 37
18 53
18 56
18 75
19 31
19 33
19 39
19 48
19 50
19 64
19 70
19 72
19 99
20 45
20 46
20 67
20 85
20 87
21 36
21 39
21 55
21 65
21 68
21 76
21 82
21 85
21 87
21 88
22 33
22 39
22 45
22 59
22 71
22 75
22 96
23 30
23 32
23 39
23 46
23 57
23 77
23 93
23 97
24 29
24 30
24 57
24 61
24 62
24 65
24 68
24 70
24 84
25 39
25 41
25 51
25 60
25 66
25 72
25 74
25 77
25 83
26 38
26 47
26 55
26 64
26 65
26 73
26 79
26 80
26 92
26 94
27 42
27 60
27 61
27 62
27 79
27 83
27 87
27 90
27 99
28 31
28 39
28 48
28 50
28 62
28 73
28 82
28 83
29 32
29 34
29 37
29 43
29 48
29 74
29 92
29 97
30 37
30 49
30 50
30 53
30 54
30 73
31 41
31 50
31 67
31 72
31 73
31 80
31 86
31 95
32 56
32 63
32 69
32 77
32 84
32 85
32 96
33 46
33 53
33 58
33 67
33 81
33 84
33 92
34 41
34 52
34 80
34 86
34 89
34 92
35 41
35 47
35 49
35 53
35 56
35 63
35 85
35 98
35 99
36 37
36 60
36 68
36 72
36 84
36 85
36 87
36 92
37 42
37 49
37 70
37 89
37 99
38 47
38 49
38 58
38 64
38 80
38 85
38 86
38 91
39 43
39 52
39 59
39 60
39 65
39 68
39 70
39 75
39 89
40 50
40 54
40 66
40 67
40 71
40 86
41 45
41 65
41 97
42 65
42 79
42 86
42 94
43 51
43 53
43 72
43 76
43 77
43 84
43 97
44 48
44 50
44 53
44 55
44 58
44 67
44 72
44 90
44 99
45 66
45 68
45 69
45 82
45 87
46 49
46 58
46 66
46 67
47 63
47 67
48 59
48 80
48 87
48 98
49 63
49 80
49 92
49 97
50 57
50 72
50 91
51 62
51 65
51 87
52 60
52 73
52 74
52 80
53 93
54 55
54 65
54 74
54 78
54 82
54 86
54 93
54 95
55 65
55 78
55 83
55 90
56 57
56 62
56 69
56 71
56 79
56 85
56 87
57 60
57 63
57 66
57 67
57 70
57 80
57 86
58 64
58 70
58 77
58 79
58 92
59 62
59 71
59 78
60 61
60 78
60 81
61 83
61 98
61 99
62 80
62 96
62 98
62 99
63 76
64 73
64 75
65 67
65 92
66 70
66 86
66 88
67 68
67 72
67 74
67 94
67 97
68 69
68 86
68 92
68 93
68 94
69 83
70 72
70 76
70 90
71 73
71 85
71 93
72 81
72 83
72 91
73 74
73 95
73 97
73 99
74 77
75 77
75 83
75 87
75 89
75 92
75 97
76 81
76 88
76 98
77 81
77 91
78 83
78 92
79 91
80 84
80 88
80 97
81 82
81 89
81 96
82 95
83 85
84 96
87 99
88 96
90 95
91 94
92 93
92 96
93 95
94 99
95 96
