100 500
0 5
0 22
0 43
0 51
0 93
0 94
1 12
1 13
1 26
1 29
1 51
1 66
1 70
1 71
1 79
1 80
1 90
1 92
2 8
2 24
2 29
2 39
2 50
2 71
2 77
2 79
2 80
2 83
2 86
2 88
2 91
3 14
3 20
3 32
3 38
3 48
3 77
3 79
3 88
3 99
4 7
4 17
4 30
4 31
4 36
4 44
4 47
4 73
4 77
4 83
4 96
5 9
5 12
5 24
5 40
5 50
5 65
5 68
5 69
5 77
5 78
5 86
5 94
6 22
6 26
6 29
6 35
6 46
6 63
6 78
6 98
7 15
7 16
7 22
7 29
7 36
7 56
7 63
7 71
7 80
7 92
8 18
8 20
8 23
8 45
8 48
8 63
8 73
8 80
8 82
8 92
8 96
9 37
9 40
9 42
9 45
9 56
9 58
9 65
9 69
9 75
9 81
9 86
9 88
9 97
10 11
10 18
10 22
10 30
10 32
10 54
10 63
10 74
11 27
11 72
11 74
11 75
11 88
11 93
11 99
12 18
12 21
12 31
12 70
12 76
12 84
12 87
12 89
13 19
13 20
13 32
13 35
13 38
13 56
13 60
13 66
13 69
13 79
13 98
14 73
14 99
15 25
15 51
15 55
15 57
15 63
15 76
15 85
15 96
16 42
16 63
16 69
16 86
17 18
17 60
17 65
17 71
17 81
17 90
17 97
18 29
18 38
18 43
18 45
18 46
18 55
18 58
18 63
18 73
18 81
18 82
18 85
19 31
19 34
19 49
19 53
19 57
19 66
19 81
19 87
19 94
19 95
20 27
20 30
20 32
20 38
20 39
20 54
20 66
20 73
20 76
20 86
21 22
21 40
21 53
21 63
21 65
21 67
21 73
21 79
21 92
22 33
22 50
22 57
22 73
22 75
23 32
23 34
23 42
23 43
23 56
23 64
23 73
23 74
23 79
23 81
23 88
24 32
24 51
24 68
24 70
24 86
24 99
25 62
25 70
25 74
25 78
25 80
26 30
26 42
26 62
26 70
26 81
26 84
26 93
26 95
27 28
27 34
27 49
27 74
27 78
27 84
27 93
28 36
28 40
28 55
28 58
28 62
28 67
28 74
28 80
28 94
29 32
29 59
29 65
29 66
29 79
30 32
30 49
30 59
30 62
30 78
30 82
30 84
30 88
30 91
30 93
31 32
31 44
31 46
31 62
31 78
31 80
31 96
31 98
31 99
32 39
32 58
32 69
32 70
32 80
32 98
33 49
33 59
33 65
33 72
33 73
33 83
34 51
34 52
34 53
34 56
34 58
34 84
35 38
35 42
35 43
35 61
35 63
35 78
35 94
35 95
36 52
36 54
36 55
36 66
36 92
36 96
37 46
37 51
37 52
37 60
37 95
38 47
38 52
38 71
38 72
38 79
38 86
39 53
39 54
39 57
39 58
39 68
39 71
39 87
40 41
40 76
40 92
41 43
41 49
41 57
41 58
41 68
41 74
41 75
41 78
41 81
41 84
41 87
41 92
41 95
41 98
42 47
42 63
42 64
42 90
43 44
43 50
43 79
43 83
43 88
43 91
44 47
44 62
44 67
44 68
44 76
44 77
44 98
45 50
45 56
45 61
45 73
45 74
46 74
46 84
46 89
47 63
47 64
47 72
47 78
47 87
47 88
48 63
48 72
48 86
49 56
49 67
49 80
50 64
50 73
50 88
50 95
50 98
51 54
51 89
51 92
51 96
51 98
52 56
52 72
52 75
52 88
53 64
53 76
53 82
54 59
54 71
54 83
54 88
54 95
55 59
55 61
55 87
55 91
55 94
55 97
55 99
56 59
56 82
57 67
57 72
58 62
58 78
59 75
59 82
59 89
60 61
60 79
60 82
60 89
60 92
61 73
61 83
61 90
62 73
62 86
62 93
62 97
63 76
63 84
63 92
63 96
64 65
64 75
64 76
64 95
65 69
65 72
65 84
65 99
66 69
66 82
67 76
68 73
68 78
68 80
68 86
68 89
69 77
69 88
70 87
70 92
70 94
70 97
71 97
72 82
72 90
73 81
73 92
73 96
74 79
74 92
74 93
74 99
75 84
75 87
75 96
75 97
76 85
76 91
76 95
76 96
77 88
77 99
78 88
78 93
78 97
79 98
80 96
81 99
82 89
82 90
82 96
83 86
83 89
84 90
84 91
85 97
86 87
88 96
88 98
90 92
90 99
91 92
91 99
93 97
96 97
98 99
