100 500
0 5
0 49
0 58
0 60
0 78
1 32
1 33
1 39
1 45
1 49
1 52
1 53
1 59
1 60
1 83
1 94
1 95
1 99
2 16
2 43
2 46
2 55
2 61
3 8
3 14
3 18
3 19
3 20
3 36
3 38
3 50
3 60
3 64
3 67
3 69
3 92
4 12
4 19
4 28
4 36
4 40
4 64
4 83
5 8
5 9
5 11
5 21
5 25
5 53
5 64
5 76
5 80
5 89
6 15
6 22
6 34
6 39
6 46
6 47
6 62
6 71
6 73
6 75
6 77
6 84
6 94
6 96
6 97
7 8
7 22
7 24
7 37
7 64
7 87
7 88
7 93
8 17
8 29
8 42
8 45
8 47
8 53
8 61
8 62
8 88
8 89
8 93
9 29
9 38
9 52
9 53
9 55
9 61
9 64
9 67
9 81
9 94
9 96
10 23
10 32
10 37
10 38
10 49
10 52
10 58
10 91
10 95
10 98
11 15
11 16
11 32
11 34
11 42
11 43
11 64
11 70
11 72
11 74
11 79
12 37
12 42
12 47
12 49
12 50
12 63
12 77
12 83
12 85
12 88
12 94
13 23
13 30
13 33
13 35
13 42
13 45
13 53
13 82
13 97
13 99
14 27
14 35
14 38
14 39
14 66
14 70
14 96
14 99
15 25
15 27
15 35
15 40
15 44
15 45
15 56
15 67
15 78
16 24
16 37
16 39
16 41
16 54
16 83
17 29
17 31
17 39
17 44
17 56
17 58
17 89
17 92
18 49
18 54
18 69
18 80
18 99
19 22
19 32
19 52
19 54
19 56
19 65
20 29
20 39
20 61
20 72
20 78
20 79
21 22
21 26
21 32
21 45
21 46
21 73
21 76
21 85
21 93
22 27
22 28
22 31
22 48
22 51
22 86
22 87
22 90
22 91
23 30
23 53
23 54
23 59
23 70
23 76
23 82
23 88
23 93
24 38
24 43
24 45
24 48
24 55
24 57
24 68
24 75
24 76
25 31
25 36
25 48
25 55
25 77
25 81
25 92
26 33
26 53
26 62
27 43
27 62
27 63
27 66
27 69
27 90
27 92
27 98
27 99
28 44
28 51
28 57
28 97
29 44
29 77
29 81
29 82
29 96
30 33
30 56
30 60
30 63
30 76
30 77
30 79
30 89
31 36
31 48
31 60
31 79
31 92
32 33
32 43
32 48
32 49
32 56
32 68
32 72
32 73
32 81
32 96
33 36
33 57
33 81
33 84
33 89
33 92
34 40
34 68
34 75
34 79
34 91
35 37
35 39
35 55
35 60
35 64
35 67
35 88
36 38
36 49
36 50
36 58
36 67
36 98
36 99
37 44
37 55
37 71
37 72
37 73
37 79
37 96
38 44
38 49
38 67
38 74
38 77
38 92
39 54
39 57
39 65
39 67
39 68
39 80
39 89
39 96
39 99
40 42
40 49
40 55
40 60
40 61
40 63
40 72
40 93
41 50
41 77
41 85
42 43
42 50
42 76
42 77
42 82
42 86
42 88
42 93
43 51
43 68
43 69
43 77
43 78
43 81
43 87
44 61
44 65
44 70
45 46
45 59
45 61
45 67
45 69
45 71
45 80
45 83
45 97
46 56
46 66
46 80
46 82
46 85
46 86
46 87
46 99
47 64
47 80
47 96
48 50
48 52
48 59
48 60
48 61
48 73
48 86
49 54
49 63
49 64
49 74
49 89
50 90
50 94
51 62
51 64
51 70
51 75
51 88
52 74
52 82
52 99
53 63
53 69
53 74
54 55
54 64
54 66
54 70
54 96
55 57
55 80
55 82
55 85
55 86
55 92
55 93
55 95
56 65
56 79
56 80
56 98
57 63
57 66
57 94
57 98
58 59
58 60
58 68
58 80
58 85
58 91
59 63
59 68
59 72
59 82
60 64
60 79
60 89
60 90
60 95
62 71
62 73
62 80
62 89
63 66
63 68
63 72
63 74
63 79
63 81
63 94
64 94
65 67
65 93
66 67
66 79
66 83
66 84
66 86
66 87
66 97
67 91
68 81
68 89
69 71
69 94
70 76
70 80
71 85
71 89
71 92
72 91
72 94
73 79
73 80
73 93
73 99
74 94
74 97
75 78
75 89
76 98
77 82
77 99
78 83
78 86
79 84
79 85
79 89
79 97
80 94
82 89
82 91
82 93
83 88
83 95
83 96
84 86
84 90
84 98
85 86
85 90
85 91
85 99
86 96
88 92
90 92
96 99
