100 500
0 3
0 7
0 14
0 17
0 21
0 36
0 60
0 61
0 66
0 69
0 98
1 9
1 21
1 24
1 29
1 44
1 45
1 63
1 90
1 93
1 95
2 15
2 17
2 31
2 37
2 40
2 41
2 60
2 62
2 82
2 97
3 4
3 18
3 83
3 87
3 98
4 16
4 19
4 80
4 82
4 89
5 16
5 18
5 21
5 28
5 33
5 34
5 44
5 56
5 74
5 84
5 89
5 94
5 95
6 13
6 25
6 32
6 35
6 36
6 41
6 51
6 68
6 71
7 9
7 27
7 37
7 40
7 41
7 48
7 54
7 60
7 69
7 80
7 83
7 84
8 25
8 32
8 47
8 48
8 50
8 51
8 53
8 70
8 74
8 85
9 43
9 50
9 53
9 95
9 99
10 22
10 24
10 32
10 33
10 60
10 64
10 80
11 25
11 26
11 29
11 46
11 51
11 60
12 18
12 26
12 31
12 33
12 61
12 77
12 82
12 90
13 16
13 20
13 23
13 39
13 46
13 49
13 52
13 53
13 60
13 64
13 69
13 80
13 84
13 89
13 93
14 23
14 33
14 41
14 43
14 60
14 61
14 75
14 92
14 96
15 25
15 36
15 42
15 45
15 54
15 59
15 60
15 82
15 88
15 96
16 31
16 34
16 40
16 80
17 25
17 34
17 54
17 63
17 64
17 65
17 69
17 79
17 90
17 99
18 27
18 40
18 47
18 61
18 63
18 72
18 73
18 78
18 91
18 93
18 96
19 32
19 35
19 36
19 37
19 56
19 60
19 64
19 66
19 70
19 86
19 91
19 92
20 26
20 43
20 46
20 62
20 64
20 66
20 69
20 83
20 87
20 88
21 39
21 45
21 47
21 50
21 61
21 67
22 33
22 45
22 55
22 57
22 76
22 77
22 84
22 87
23 32
23 49
23 55
23 87
23 90
23 94
23 96
24 26
24 34
24 60
24 83
24 84
24 95
24 96
25 46
25 54
25 60
25 71
25 83
25 92
26 36
26 42
26 76
26 79
26 83
26 98
27 46
27 62
27 71
27 73
27 75
27 88
27 89
27 93
27 98
28 31
28 44
28 51
28 56
28 59
28 67
28 74
28 77
28 83
29 56
29 61
29 76
29 77
29 80
29 83
29 88
29 89
29 90
30 32
30 37
30 43
30 49
30 54
30 57
30 69
30 87
30 90
31 33
31 44
31 53
31 60
31 74
31 75
31 78
31 85
31 87
31 91
31 95
31 96
32 37
32 44
32 58
32 61
32 79
32 80
32 83
32 87
32 98
32 99
33 46
33 48
33 57
33 73
33 92
33 95
34 39
34 56
34 78
34 89
35 54
35 62
35 65
35 84
35 89
35 95
36 37
36 38
36 41
36 43
36 47
36 62
36 71
36 77
36 95
36 97
37 42
37 43
37 46
37 57
37 59
37 85
37 87
37 91
37 95
38 45
38 76
38 88
39 52
39 64
39 81
39 88
39 91
39 96
40 51
40 59
40 60
40 93
41 45
41 53
41 57
41 83
41 87
41 89
41 97
42 51
42 63
42 65
42 67
42 68
42 86
42 89
42 93
42 96
43 45
43 51
43 53
43 66
43 81
43 83
43 98
43 99
44 47
44 50
44 61
44 62
44 73
45 59
45 62
45 68
45 79
45 80
45 85
45 87
45 89
45 97
46 47
46 99
47 51
47 59
47 87
47 95
48 59
48 74
48 76
48 99
49 52
49 54
49 59
49 61
49 66
49 83
49 92
50 53
50 76
50 82
50 87
50 97
50 98
51 54
51 58
51 93
52 77
52 79
53 58
53 63
53 68
53 85
53 95
54 66
54 74
54 79
54 89
54 93
54 99
55 59
55 69
55 73
55 75
55 97
56 68
56 70
56 77
56 92
57 80
57 83
57 88
58 59
58 61
58 62
58 81
58 86
58 88
58 91
58 93
59 63
59 64
59 75
59 82
59 85
59 91
60 63
60 64
60 68
60 69
60 85
61 67
61 96
62 67
62 74
62 82
63 69
63 77
63 85
64 71
64 89
64 91
65 88
65 89
65 99
66 80
66 87
67 78
67 91
67 94
67 98
68 70
68 73
68 84
68 91
70 77
71 74
72 86
73 97
74 98
74 99
76 82
76 92
76 98
77 96
79 80
79 83
79 95
79 96
80 81
80 91
80 98
82 89
83 95
86 91
87 90
87 94
87 99
88 93
90 91
91 99
93 94
93 99
94 97
97 98
