100 500
0 3
0 15
0 19
0 36
0 38
0 39
0 58
0 59
0 67
0 68
0 77
1 13
1 14
1 33
1 34
1 40
1 58
1 65
1 75
1 88
1 91
1 98
2 14
2 31
2 35
2 42
2 63
2 70
2 71
2 76
3 12
3 14
3 22
3 46
3 56
3 61
3 80
3 81
3 82
3 93
3 96
4 33
4 39
4 43
4 47
4 71
4 75
5 13
5 38
5 44
5 65
5 67
5 75
5 79
5 81
5 92
6 9
6 13
6 15
6 20
6 35
6 46
6 52
6 58
6 63
6 70
6 72
6 80
6 93
6 97
7 15
7 24
7 26
7 37
7 39
7 42
7 46
7 47
7 65
7 66
7 67
7 77
7 85
8 58
8 59
8 72
9 26
9 56
9 73
9 80
10 32
10 34
10 42
10 49
10 62
10 65
10 67
11 21
11 24
11 28
11 35
11 41
11 44
11 48
11 64
11 68
11 77
11 83
12 17
12 28
12 33
12 43
12 45
12 46
12 55
12 58
12 70
12 71
12 72
12 76
12 87
12 98
12 99
13 23
13 34
13 42
13 47
13 48
13 50
13 53
13 78
13 80
13 87
13 89
14 35
14 36
14 56
14 60
14 84
15 24
15 25
15 30
15 33
15 70
15 82
16 26
16 33
16 45
16 60
16 62
16 63
16 66
16 68
16 86
16 89
16 92
16 97
16 98
16 99
17 36
17 38
17 40
17 42
17 50
17 51
17 53
17 64
17 87
17 90
17 93
17 98
18 20
18 29
18 32
18 49
18 63
18 72
18 93
18 99
19 40
19 44
19 45
19 63
19 65
19 78
19 81
19 82
19 98
20 23
20 30
20 65
20 85
21 33
21 34
21 38
21 55
21 59
21 68
21 72
21 81
21 86
21 92
22 23
22 25
22 30
22 41
22 46
22 50
22 91
23 30
23 33
23 34
23 38
23 50
23 51
23 53
23 56
23 65
23 66
23 94
24 26
24 48
24 53
24 75
24 80
24 84
24 88
25 29
25 32
25 40
25 43
25 54
25 85
25 86
26 28
26 31
26 32
26 44
26 53
26 55
26 58
26 59
26 64
26 72
26 75
26 77
26 81
27 30
27 37
27 54
27 64
27 71
27 75
27 93
27 96
28 40
28 42
28 48
28 62
28 83
28 87
28 95
29 78
29 94
30 41
30 59
30 65
30 67
30 68
30 79
30 88
30 95
31 52
31 63
31 65
31 67
31 72
31 75
31 89
31 92
32 42
32 75
32 77
32 85
32 94
33 35
33 42
33 50
33 63
33 74
33 99
34 37
34 53
34 62
34 82
34 94
35 39
35 45
35 53
35 54
35 65
35 74
35 76
35 99
36 44
36 53
36 61
36 69
36 73
36 75
36 93
36 96
37 46
37 52
37 71
37 74
37 78
37 82
38 39
38 44
38 45
38 64
39 83
39 86
39 92
39 98
40 44
40 45
40 57
40 60
41 43
41 46
41 57
41 59
41 73
41 79
41 89
42 52
42 71
42 97
42 98
43 55
43 71
43 85
44 70
44 88
45 58
45 62
45 69
45 81
45 90
45 96
45 98
46 58
46 59
46 71
46 77
46 80
46 85
47 74
47 91
47 93
48 53
48 55
48 59
48 80
48 88
49 65
49 74
49 85
49 99
50 58
50 65
50 68
50 75
50 77
50 84
50 96
51 57
51 60
51 65
51 74
51 76
51 77
51 83
51 96
51 99
52 53
52 56
52 60
52 65
52 80
52 86
52 92
52 94
52 96
53 88
53 94
54 59
54 69
54 72
54 74
54 76
54 83
54 88
54 94
55 67
55 81
55 89
55 97
56 57
56 62
56 69
56 85
57 59
57 77
57 79
57 85
57 93
57 97
58 59
58 78
58 85
58 86
58 94
59 63
59 74
59 93
59 97
59 98
59 99
60 70
60 75
60 79
60 90
61 74
61 83
62 65
62 71
62 89
62 91
63 68
63 80
63 90
63 98
64 85
64 91
65 84
66 78
66 92
67 85
67 93
67 97
68 69
68 72
68 81
68 95
69 80
69 83
69 84
70 83
70 93
71 80
71 81
71 86
71 95
72 75
72 84
72 92
73 81
73 89
73 92
74 77
74 79
76 82
76 93
77 94
77 99
78 86
78 96
78 97
79 81
79 83
79 94
80 95
81 84
82 87
82 90
82 92
82 99
84 93
85 98
86 95
87 95
87 99
88 98
89 94
90 94
92 95
96 99
