100 500
0 1
0 8
0 9
0 31
0 39
0 44
0 72
0 80
0 93
1 8
1 9
1 10
1 39
1 43
1 62
1 91
1 92
1 94
1 97
2 15
2 16
2 26
2 34
2 40
2 46
2 55
2 68
2 75
2 81
2 84
2 90
3 10
3 29
3 52
3 53
3 56
3 67
3 72
3 77
3 81
3 87
3 96
4 15
4 28
4 65
5 17
5 20
5 31
5 56
5 57
5 72
5 76
5 90
5 95
6 9
6 11
6 30
6 31
6 46
6 57
6 63
6 69
6 85
7 10
7 14
7 15
7 16
7 26
7 58
7 75
7 83
7 84
7 92
7 97
8 31
8 36
8 42
8 47
8 51
8 54
8 60
8 70
8 73
8 75
8 93
9 10
9 11
9 23
9 25
9 31
9 34
9 46
9 49
9 66
9 97
10 13
10 20
10 23
10 24
10 28
10 31
10 34
10 47
10 48
10 66
10 78
10 96
11 12
11 24
11 28
11 32
11 44
11 49
11 68
11 71
11 80
11 92
12 14
12 26
12 34
12 50
12 67
12 70
12 74
12 75
12 77
12 88
12 92
13 23
13 28
13 38
13 41
13 44
13 48
13 53
13 66
13 68
13 69
13 79
13 84
14 59
14 61
14 82
14 94
14 95
15 22
15 31
15 32
15 40
15 41
15 54
15 73
15 76
15 80
15 85
15 95
16 25
16 38
16 66
17 23
17 24
17 56
17 62
17 63
17 65
17 66
17 68
17 88
17 96
17 97
18 19
18 21
18 27
18 47
18 56
18 85
18 94
19 24
19 32
19 45
19 50
19 58
19 76
20 25
20 26
20 27
20 29
20 34
20 37
20 40
20 49
20 60
20 62
20 63
20 88
20 92
21 26
21 59
21 61
21 66
21 68
22 23
22 42
22 60
22 79
22 88
22 92
22 99
23 29
23 41
23 51
23 83
23 88
23 93
24 45
24 50
24 62
24 69
24 73
24 97
25 32
25 53
25 70
25 91
26 47
26 54
26 59
26 66
26 68
27 54
27 57
27 67
27 79
27 82
27 88
28 38
28 40
28 50
28 66
28 72
28 76
28 86
28 92
28 94
29 35
29 43
29 50
29 73
29 78
29 81
29 82
29 87
29 98
30 42
30 47
30 49
30 51
30 58
30 68
30 73
30 76
30 80
30 87
30 96
31 63
31 65
31 77
31 85
31 88
31 90
32 35
32 41
32 50
32 58
32 62
32 70
32 75
32 77
33 38
33 56
33 81
34 46
34 50
34 57
34 85
35 52
35 59
35 64
35 70
35 80
35 84
35 98
36 56
36 58
36 65
36 69
36 78
36 92
36 97
37 42
37 51
37 62
37 63
37 64
37 65
37 70
37 73
37 83
37 90
37 91
38 40
38 43
38 58
38 63
38 80
38 81
38 86
38 92
39 51
39 54
39 60
39 64
39 87
39 94
39 98
40 45
40 47
40 56
40 58
40 60
40 88
41 43
41 54
41 58
41 76
41 85
41 89
41 94
42 50
42 89
43 44
43 66
43 68
43 70
43 75
44 49
44 50
44 73
44 79
44 86
44 89
44 92
45 47
45 48
45 58
45 60
45 62
45 64
45 67
45 73
45 76
45 85
46 48
46 52
46 53
46 85
47 62
47 72
47 76
47 90
47 97
48 49
48 57
48 60
48 69
48 80
49 57
49 60
49 67
49 68
49 76
49 83
49 98
50 57
50 65
50 83
50 93
50 96
50 99
51 75
51 78
51 79
51 83
51 92
52 69
52 71
52 76
53 66
53 68
53 70
54 57
54 64
54 71
54 91
54 93
54 94
55 73
55 87
55 92
56 57
56 59
56 79
56 83
56 85
57 58
57 70
58 67
58 74
58 75
58 86
58 93
59 97
59 98
60 64
60 67
60 87
61 72
61 79
61 82
61 93
61 97
61 98
62 64
62 83
62 91
62 95
63 64
63 77
63 88
63 89
63 96
63 98
63 99
64 66
64 77
65 73
65 88
66 68
66 71
66 82
67 91
67 94
68 82
68 83
68 93
68 95
69 82
69 89
70 81
70 98
71 83
71 88
71 89
71 97
71 99
72 84
72 85
73 90
74 76
74 80
74 91
75 82
75 84
75 89
75 99
76 89
76 99
77 96
77 97
78 80
78 81
78 87
78 91
78 98
79 94
80 83
80 86
82 98
83 99
84 85
86 91
87 90
87 91
87 93
88 90
88 99
89 99
92 98
93 95
96 97
