100 500
0 25
0 26
0 68
0 75
0 91
0 96
1 9
1 14
1 23
1 25
1 29
1 43
1 44
1 45
1 57
1 70
1 71
1 97
2 6
2 9
2 21
2 40
2 41
2 47
2 55
2 65
2 74
2 96
3 23
3 92
4 6
4 32
4 36
4 38
4 44
4 58
4 59
4 79
4 86
5 27
5 30
5 78
5 86
5 95
6 10
6 17
6 24
6 25
6 38
6 39
6 78
6 86
6 89
6 99
7 10
7 19
7 22
7 33
7 34
7 36
7 54
7 74
7 89
8 30
8 37
8 40
8 51
8 70
8 73
8 74
8 75
9 11
9 28
9 30
9 38
9 45
9 58
9 80
9 91
9 94
10 17
10 20
10 30
10 32
10 36
10 38
10 51
10 53
10 54
10 67
10 90
10 91
10 97
11 18
11 39
11 57
11 64
11 66
11 82
12 27
12 46
12 50
12 56
12 61
12 68
12 71
12 77
12 93
12 95
13 25
13 29
13 30
13 48
13 52
13 56
13 60
13 66
13 80
13 97
14 25
14 36
14 52
14 65
14 70
14 91
14 95
14 99
15 28
15 44
15 46
15 50
15 66
15 71
15 77
15 82
15 91
16 18
16 19
16 23
16 26
16 29
16 32
16 40
16 42
16 44
16 49
16 62
16 72
16 82
16 95
17 20
17 31
17 41
17 48
17 63
17 71
17 73
17 96
18 29
18 38
18 58
18 84
18 85
19 38
19 57
19 98
20 39
20 44
20 48
20 71
20 88
20 92
20 97
20 98
21 28
21 38
21 40
21 44
21 53
21 75
21 81
21 90
21 94
21 96
21 98
22 25
22 26
22 43
22 46
22 51
22 58
22 69
22 74
22 79
22 83
22 87
23 33
23 39
23 40
23 60
23 64
23 67
23 78
23 86
23 96
23 98
24 25
24 31
24 34
24 36
24 42
24 62
24 66
24 72
24 93
25 31
25 38
25 39
25 64
25 79
25 80
25 90
25 92
26 40
26 41
26 56
26 57
26 59
26 69
26 72
26 88
26 90
26 92
26 94
26 96
27 35
27 65
27 71
27 76
27 77
27 89
28 40
28 45
28 50
28 72
28 75
28 78
28 95
29 38
29 44
29 45
29 46
29 50
29 51
29 55
29 59
29 72
29 84
29 89
29 93
29 96
30 32
30 34
30 66
30 87
30 89
31 45
31 74
31 76
31 82
31 96
32 47
32 79
32 83
32 85
32 92
32 97
33 47
33 51
33 56
33 57
33 64
33 65
33 81
33 84
34 58
34 66
34 86
34 89
34 90
34 93
35 38
35 42
35 48
35 51
35 63
35 67
35 69
35 74
36 43
36 47
36 86
37 55
37 73
37 76
37 87
37 90
38 48
38 54
38 61
38 75
39 62
39 75
39 84
39 93
39 94
39 97
40 42
40 68
40 77
40 89
40 93
41 72
41 78
41 91
41 96
41 97
42 43
42 48
42 49
42 57
42 62
42 77
43 46
43 48
43 49
43 56
43 64
43 70
43 77
43 89
43 91
43 93
44 48
44 54
44 79
44 81
44 82
45 50
45 59
45 74
45 78
45 81
45 85
45 91
46 83
46 86
47 57
47 60
47 74
47 78
47 90
47 92
47 93
48 60
48 62
48 64
48 70
48 72
48 81
48 85
48 90
48 93
48 96
48 98
49 61
49 62
49 68
49 85
49 87
49 98
50 51
50 70
50 74
50 76
50 83
50 93
50 94
50 96
51 61
52 64
52 73
52 75
52 92
52 97
53 58
53 78
53 92
53 96
54 59
54 85
54 93
55 61
55 72
55 76
55 82
55 83
55 88
55 99
56 59
56 61
56 76
56 88
56 93
57 75
57 81
57 91
58 62
58 65
58 67
58 74
58 77
58 78
58 79
58 85
58 89
58 93
59 60
59 61
59 66
59 96
60 74
61 64
61 68
61 80
61 81
61 90
62 66
62 69
62 72
62 73
62 76
62 78
63 65
63 88
64 72
64 81
64 83
65 68
65 75
65 79
65 92
65 99
66 82
66 87
67 75
67 88
67 91
68 83
68 90
68 95
68 98
68 99
69 71
69 82
69 96
70 90
70 99
71 90
71 98
72 81
72 83
72 88
74 76
74 77
74 79
74 94
75 78
75 85
76 80
76 81
76 83
77 86
79 82
80 88
80 93
83 98
85 90
86 88
86 95
86 98
89 90
89 95
89 97
90 96
91 99
92 93
93 99
94 99
95 98
