100 500
0 5
0 9
0 14
0 38
0 55
0 72
0 86
0 96
0 97
0 98
1 12
1 15
1 16
1 18
1 25
1 26
1 41
1 50
1 52
1 53
1 67
1 70
1 74
1 82
1 87
1 92
1 97
2 3
2 17
2 18
2 20
2 54
2 55
2 56
2 66
2 70
2 79
2 93
2 96
2 97
3 5
3 8
3 24
3 52
3 55
3 80
3 83
4 17
4 35
4 38
4 45
4 51
4 64
4 74
4 80
4 89
5 25
5 26
5 40
5 58
5 61
5 86
5 90
6 9
6 12
6 29
6 37
6 51
6 70
6 77
6 79
6 92
7 11
7 13
7 14
7 16
7 45
7 46
7 52
7 63
7 67
7 82
7 85
7 86
8 10
8 37
8 40
8 48
8 66
8 79
8 91
8 98
8 99
9 50
9 53
9 62
9 70
9 79
9 80
9 89
9 95
9 98
10 39
10 44
10 47
10 48
10 51
10 64
10 69
10 72
10 73
10 80
10 87
10 98
11 15
11 19
11 27
11 42
11 77
11 90
11 93
11 96
12 22
12 23
12 36
12 48
12 65
12 67
12 71
12 81
12 82
12 87
12 91
12 96
13 24
13 34
13 36
13 37
13 44
13 53
13 65
13 71
13 80
13 96
14 15
14 21
14 22
14 31
14 55
14 65
14 92
15 38
15 40
15 62
15 63
15 66
15 70
15 78
15 86
15 88
15 91
16 28
16 36
16 55
16 63
16 72
16 75
16 76
16 93
16 99
17 33
17 34
17 59
17 77
17 81
17 84
17 91
18 20
18 31
18 42
18 48
18 49
18 58
18 66
18 68
18 79
18 99
19 20
19 34
19 47
19 56
19 87
19 96
19 98
20 22
20 36
20 37
20 39
20 40
20 45
20 50
20 53
20 57
20 66
21 22
21 25
21 31
21 32
21 42
21 49
21 58
21 74
21 81
21 86
21 92
21 99
22 28
22 61
22 64
23 41
23 47
23 68
23 71
23 79
23 87
24 35
24 36
24 51
24 64
24 67
24 68
24 89
24 92
25 44
25 46
25 47
25 50
25 61
25 67
25 74
25 80
25 85
25 95
26 30
26 67
26 79
26 88
27 33
27 63
27 82
27 89
27 90
27 95
28 30
28 44
28 47
28 50
29 42
29 44
29 45
29 55
29 83
30 32
30 33
30 40
30 44
30 52
30 55
30 62
30 75
30 78
30 82
30 91
31 38
31 57
31 73
31 85
31 88
32 43
32 55
32 58
33 39
33 42
33 44
33 48
33 58
33 62
33 63
33 65
33 72
33 92
34 58
34 68
34 87
34 99
35 63
35 67
35 76
35 88
35 94
36 37
36 43
36 45
36 60
36 70
36 79
37 41
37 53
37 62
37 66
37 79
38 48
38 50
38 66
38 69
38 81
38 92
38 93
38 94
38 98
39 50
39 53
39 54
39 60
39 73
39 99
40 43
40 47
40 63
40 99
41 43
41 44
41 47
41 49
41 51
41 52
41 70
41 71
41 74
41 86
42 45
42 52
42 62
42 90
43 46
43 72
43 80
43 94
44 54
44 64
44 66
44 77
44 78
45 57
45 59
45 64
45 67
45 81
45 94
46 52
46 63
46 65
46 70
46 75
46 78
46 79
46 94
47 66
47 72
47 89
48 59
48 72
48 84
48 97
49 54
49 71
49 73
49 74
49 84
50 62
50 68
50 70
50 72
50 86
50 90
50 96
51 52
51 55
51 58
51 59
51 60
51 62
51 67
51 68
51 76
51 79
51 93
52 61
52 63
52 67
52 78
52 86
52 95
52 99
53 57
54 55
54 84
54 99
55 62
55 69
55 81
55 95
55 98
56 57
56 64
56 69
57 59
57 77
57 79
57 80
57 82
58 63
58 64
58 67
58 68
58 98
59 62
59 75
60 87
60 90
60 93
60 96
61 69
61 71
61 81
61 84
62 67
62 71
62 95
63 69
63 81
64 71
64 80
64 85
64 90
64 93
64 97
65 67
65 86
66 79
66 90
66 97
67 91
67 92
67 94
68 72
68 73
68 81
68 86
68 93
69 93
70 72
70 73
70 90
70 99
71 92
71 93
72 75
72 88
73 88
73 97
74 75
74 79
75 81
76 77
76 78
76 79
78 89
79 87
79 89
80 87
80 89
80 93
81 89
81 95
81 97
82 94
82 98
83 84
83 95
83 97
84 86
84 91
85 95
87 99
88 90
89 90
91 93
92 96
95 99
