100 500
0 4
0 18
0 36
0 46
0 68
1 12
1 14
1 17
1 23
1 57
1 65
1 84
1 87
1 90
1 92
2 13
2 29
2 31
2 34
2 40
2 45
2 48
2 70
2 82
3 9
3 60
3 63
3 67
3 78
3 87
3 91
3 99
4 5
4 15
4 29
4 67
4 79
4 83
4 99
5 10
5 12
5 23
5 33
5 40
5 48
5 70
5 75
5 79
5 86
5 97
6 9
6 22
6 32
6 33
6 41
6 48
6 81
6 97
7 12
7 46
7 50
7 54
7 56
7 59
7 68
7 74
7 75
7 77
8 10
8 18
8 19
8 32
8 45
8 49
8 69
8 70
8 74
8 87
8 90
8 94
8 98
9 22
9 29
9 31
9 48
9 52
9 56
9 61
9 70
9 73
9 87
10 18
10 26
10 30
10 38
10 41
10 49
10 56
10 60
10 77
10 87
11 17
11 18
11 20
11 23
11 33
11 34
11 59
11 63
11 66
11 68
11 69
11 74
11 84
11 88
12 15
12 20
12 30
12 39
12 76
12 87
12 92
12 99
13 19
13 45
13 52
13 56
13 71
13 78
13 86
13 98
14 22
14 27
14 28
14 40
14 42
14 76
14 84
14 85
14 89
15 28
15 29
15 48
15 83
15 85
15 86
16 35
16 36
16 53
16 58
16 67
16 83
16 90
17 24
17 36
17 41
17 45
17 61
17 68
17 75
17 93
17 94
17 99
18 26
18 31
18 47
18 51
18 52
18 59
18 60
18 68
18 97
19 36
19 40
19 55
19 60
19 85
19 97
19 99
20 22
20 41
20 42
20 53
20 58
20 67
20 69
20 84
20 85
20 86
20 88
20 97
21 26
21 31
21 41
21 68
21 91
21 98
22 30
22 36
22 54
23 26
23 29
23 34
23 35
23 36
23 40
23 45
23 56
23 81
23 84
23 90
23 97
24 28
24 29
24 37
24 49
24 64
24 70
24 83
24 89
25 26
25 29
25 35
25 43
25 46
25 56
25 70
25 72
25 96
25 97
26 54
26 64
26 71
26 78
26 92
27 36
27 40
27 50
27 51
27 71
27 97
28 37
28 50
28 52
28 65
28 70
28 78
28 88
29 33
29 41
29 50
29 68
29 99
30 50
30 53
30 57
30 61
30 64
30 83
30 97
31 40
31 67
31 88
32 36
32 37
32 69
32 76
32 78
32 84
32 94
33 35
33 52
33 57
33 75
33 90
33 91
34 35
34 51
34 53
34 55
34 62
34 72
35 42
35 64
35 81
35 92
36 37
36 39
36 54
36 55
36 66
36 72
36 75
36 80
36 91
36 92
37 44
37 49
37 53
37 93
38 48
38 59
38 64
38 93
38 99
39 47
39 56
39 61
39 79
40 42
40 68
40 74
40 92
40 97
41 56
41 57
41 59
41 62
41 70
41 97
42 47
42 77
42 80
42 84
42 90
42 93
42 94
43 46
43 53
43 60
43 65
43 74
43 79
43 80
43 84
43 96
44 56
44 58
44 78
44 83
44 90
45 60
45 67
45 79
45 82
45 85
45 94
45 99
46 54
46 60
46 62
46 74
46 95
47 49
47 58
47 61
47 67
47 70
47 90
47 91
47 92
47 96
48 70
48 80
48 86
49 52
49 85
49 87
50 57
50 58
50 66
50 67
50 81
50 82
50 96
50 98
51 54
51 55
51 59
51 61
51 70
51 98
52 54
52 57
52 63
52 68
52 76
52 78
52 81
52 85
52 90
52 98
53 58
53 79
53 81
54 76
54 81
54 89
54 94
54 98
55 68
55 83
56 61
56 75
56 78
56 79
56 86
56 93
57 80
57 83
57 95
57 97
57 99
58 61
58 63
58 66
58 79
58 80
58 94
59 65
59 77
59 90
59 91
59 94
61 66
61 72
61 74
61 84
62 64
62 74
62 89
63 65
63 81
63 84
63 86
63 92
63 94
64 68
64 74
65 83
65 89
65 90
66 70
66 75
66 99
67 74
67 82
67 83
67 96
68 70
68 71
68 73
68 84
69 71
69 74
69 81
70 72
70 83
70 88
71 79
71 86
71 89
72 98
74 76
74 77
74 98
75 79
75 87
76 88
76 91
76 92
77 79
77 95
78 81
78 92
78 93
78 97
79 80
79 88
79 95
80 85
80 88
80 89
80 92
81 84
82 84
82 90
82 96
83 88
84 86
84 93
84 98
85 99
87 95
87 99
93 99
94 96
95 98
95 99
96 98
