100 500
0 3
0 9
0 20
0 29
0 52
0 71
0 74
0 78
1 11
1 36
1 40
1 61
1 64
1 70
1 73
1 89
1 92
2 8
2 11
2 19
2 35
2 36
2 38
2 39
2 47
2 51
2 61
2 65
2 66
2 67
2 71
2 79
2 82
2 85
2 88
3 15
3 24
3 31
3 36
3 41
3 42
3 49
3 52
3 62
3 63
3 76
3 80
3 95
3 98
4 8
4 29
4 54
4 84
5 13
5 18
5 23
5 38
5 45
5 79
5 86
5 88
5 89
5 93
5 94
5 98
6 10
6 29
6 42
6 69
6 72
6 97
7 14
7 25
7 26
7 34
7 82
7 84
7 86
7 90
7 99
8 11
8 12
8 14
8 25
8 77
8 94
8 98
9 17
9 28
9 35
9 36
9 53
9 61
9 63
9 70
9 86
10 21
10 33
10 34
10 49
10 52
10 54
10 57
10 66
10 72
10 92
10 93
10 99
11 16
11 30
11 31
11 47
11 71
11 73
11 96
12 17
12 22
12 28
12 31
12 62
12 69
12 80
12 92
12 98
13 24
13 28
13 34
13 35
13 38
13 43
13 49
13 65
13 69
13 72
13 78
13 79
13 87
13 98
14 24
14 32
14 43
14 45
14 52
14 53
14 56
14 72
14 75
14 79
14 92
15 21
15 36
15 51
15 77
15 89
15 92
15 93
16 53
16 63
16 79
16 99
17 19
17 22
17 36
17 45
17 50
17 54
17 83
17 96
17 99
18 22
18 23
18 32
18 39
18 46
18 51
18 52
18 57
18 58
18 59
18 84
18 88
19 22
19 31
19 35
19 39
19 42
19 52
19 62
19 68
19 97
20 28
20 30
20 54
20 60
20 81
20 98
21 35
21 41
21 47
21 50
21 57
21 59
21 67
21 68
21 74
21 89
21 92
21 94
22 37
22 38
22 39
22 43
22 78
22 89
22 94
23 31
23 36
23 50
23 64
23 69
23 85
23 99
24 25
24 38
24 43
24 52
24 97
25 28
25 42
25 69
25 73
25 81
25 87
25 91
26 35
26 36
26 43
26 46
26 74
27 28
27 38
27 39
27 46
27 50
27 51
27 74
27 80
27 95
28 55
28 58
28 66
28 68
28 70
28 73
28 83
28 84
28 90
29 43
29 61
29 69
29 72
29 86
29 99
30 43
30 49
30 51
30 86
30 88
31 32
31 34
31 42
31 43
31 54
31 63
31 68
31 86
32 35
32 42
32 46
32 57
32 58
32 66
32 83
32 89
32 98
33 65
33 67
33 71
34 58
34 80
35 51
35 52
35 56
35 60
35 61
35 63
35 85
35 92
35 94
36 40
36 51
36 81
36 89
37 45
37 46
37 50
37 58
37 63
37 96
38 42
38 48
38 57
38 71
38 81
38 85
38 93
39 41
39 46
39 87
40 67
40 75
40 81
41 50
41 52
41 55
41 62
41 64
41 77
41 93
41 99
42 55
42 57
42 84
42 89
42 92
43 46
43 49
43 63
43 65
43 76
43 85
43 95
43 96
44 47
44 49
44 53
44 71
44 76
45 53
45 62
45 63
45 64
45 71
45 87
45 94
45 97
45 98
46 54
46 70
46 73
46 75
46 85
46 90
46 92
46 97
47 62
47 67
47 79
47 85
48 92
49 57
49 73
49 77
49 98
49 99
50 75
50 80
50 81
51 62
51 64
51 72
52 61
52 62
52 73
52 85
52 97
53 62
54 57
54 71
54 87
54 88
55 75
55 85
55 95
55 98
56 58
56 64
56 69
56 90
57 70
57 75
57 76
57 78
57 84
57 86
58 59
58 61
58 76
58 78
58 79
58 82
58 86
59 70
59 72
59 80
59 84
59 91
59 92
59 98
60 63
60 86
61 65
61 68
61 74
61 75
61 78
62 76
62 86
62 91
63 83
63 88
63 91
64 66
64 73
64 75
65 88
66 71
66 77
67 69
67 75
68 72
68 76
68 77
68 84
68 86
68 89
68 94
69 70
69 74
69 75
70 71
70 87
70 88
70 95
71 83
71 92
71 94
72 86
72 92
72 96
73 76
73 80
73 81
73 99
74 81
74 84
74 85
74 86
75 90
75 97
75 99
76 82
76 91
76 96
77 82
77 98
78 86
78 89
78 97
78 99
79 87
79 91
79 95
80 88
81 82
81 93
82 84
82 99
83 85
83 92
84 91
84 99
85 86
85 95
86 91
86 93
87 93
87 99
88 96
89 90
