100 500
0 16
0 40
0 42
0 58
0 71
1 2
1 3
1 5
1 10
1 31
1 32
1 40
1 43
1 45
1 49
1 53
1 60
1 89
1 90
2 3
2 6
2 30
2 43
2 48
2 60
2 70
2 81
2 93
2 96
3 20
3 25
3 37
3 41
3 42
3 54
3 58
3 61
3 73
3 87
3 88
3 97
4 5
4 15
4 27
4 49
4 52
4 55
4 58
5 9
5 47
5 48
5 53
5 67
5 70
5 79
5 87
5 90
5 93
6 17
6 18
6 30
6 48
6 50
6 53
6 69
6 80
6 94
7 15
7 20
7 24
7 31
7 63
7 67
7 84
7 92
7 94
8 14
8 16
8 17
8 38
8 50
8 56
8 70
8 73
8 74
8 78
8 83
9 31
9 44
9 45
9 56
9 61
9 90
10 35
10 48
10 79
11 21
11 22
11 23
11 26
11 38
11 41
11 44
11 54
11 58
11 60
11 69
11 82
11 86
11 88
11 99
12 22
12 27
12 31
12 33
12 35
12 40
12 42
12 50
12 76
12 93
12 97
13 22
13 28
13 50
13 52
13 69
13 82
13 84
13 99
14 22
14 25
14 41
14 44
14 51
14 56
14 68
14 71
14 75
14 90
15 23
15 34
15 46
15 73
15 86
15 88
16 23
16 25
16 45
16 61
16 62
16 92
17 24
17 26
17 37
17 39
17 40
17 48
17 51
17 82
17 85
18 43
18 54
18 59
18 79
18 87
18 96
19 32
19 38
19 42
19 46
19 54
19 67
19 71
19 73
20 21
20 28
20 62
20 63
21 25
21 35
21 41
21 43
21 51
21 57
21 76
21 97
21 98
21 99
22 26
22 30
22 38
22 47
22 50
22 59
22 60
22 72
22 96
23 29
23 40
23 44
23 48
23 56
23 68
23 84
24 31
24 46
24 50
24 56
24 70
24 74
24 77
24 83
24 93
24 96
25 31
25 36
25 49
25 58
25 62
25 70
25 73
25 74
25 75
25 79
25 91
26 30
26 35
26 36
26 45
26 66
26 95
26 99
27 40
27 50
27 58
27 59
27 63
27 77
27 95
27 97
28 31
28 35
28 36
28 41
28 43
28 44
28 61
28 71
28 75
28 90
28 91
29 48
29 60
29 65
29 95
30 42
30 51
30 54
30 67
30 71
30 81
30 98
31 36
31 43
31 45
31 47
31 55
31 69
31 81
32 49
32 50
32 58
32 65
32 79
33 36
33 42
34 37
34 40
34 68
34 77
34 84
34 96
35 43
35 58
36 43
36 64
36 79
36 88
36 90
36 97
37 48
37 51
37 56
37 57
37 58
37 65
37 67
37 77
37 86
37 89
37 92
38 43
38 62
38 68
38 99
39 45
39 53
39 67
39 68
39 75
39 76
39 81
39 85
39 91
40 42
40 50
40 53
40 63
40 71
40 73
40 80
40 89
41 42
41 44
41 51
41 54
41 58
41 59
41 65
41 75
41 81
41 83
41 89
42 46
42 74
42 75
42 80
42 82
42 83
42 90
42 91
42 95
42 99
43 45
43 46
43 72
43 76
43 83
44 61
44 77
45 57
45 61
45 70
45 74
45 81
45 83
45 91
45 96
46 53
46 54
46 57
47 49
47 65
47 71
47 72
47 74
47 86
47 89
47 98
48 49
48 57
48 72
49 52
49 66
49 68
49 78
49 82
49 98
49 99
50 52
50 57
50 67
50 79
50 85
50 86
50 95
51 54
51 79
51 84
51 85
52 59
52 83
52 94
52 99
53 54
53 85
53 91
53 94
54 55
54 58
54 84
54 85
54 89
55 60
55 88
56 59
56 60
56 61
56 62
56 63
56 71
56 76
56 91
56 98
57 65
57 66
57 71
57 74
57 88
57 95
58 61
58 62
58 64
58 67
58 78
58 81
58 94
59 61
59 64
59 65
59 80
59 81
60 62
60 96
60 99
61 64
61 67
61 81
61 94
61 98
62 71
62 73
62 74
62 77
62 81
63 73
63 74
63 84
63 95
64 70
64 76
65 76
65 78
65 79
66 69
66 70
66 74
67 72
67 78
67 85
67 87
67 88
68 70
68 85
68 86
69 72
69 79
69 86
70 73
70 92
71 88
71 94
71 96
73 80
73 84
73 85
73 89
73 94
73 95
73 96
74 90
77 92
78 85
78 92
79 86
79 94
80 82
80 98
81 84
81 91
81 92
81 96
82 83
82 95
82 98
83 92
83 93
83 98
96 98
