100 500
0 6
0 16
1 4
1 15
1 17
1 25
1 35
1 42
1 62
1 65
1 74
1 96
2 3
2 16
2 17
2 43
2 55
2 57
2 68
2 79
2 83
2 85
2 93
3 14
3 15
3 16
3 24
3 25
3 27
3 44
3 62
3 65
3 69
3 78
3 81
3 94
4 6
4 14
4 26
4 32
4 45
4 49
4 64
4 67
4 70
4 72
4 90
4 93
5 9
5 12
5 14
5 24
5 31
5 61
5 86
6 12
6 32
6 37
6 41
6 58
6 81
6 83
6 89
7 9
7 16
7 38
7 53
7 54
7 62
7 85
7 96
7 99
8 10
8 15
8 22
8 44
8 65
8 83
8 87
8 89
8 91
8 95
9 10
9 16
9 22
9 25
9 41
9 48
9 58
9 64
9 81
10 11
10 14
10 18
10 49
10 65
10 74
11 31
11 34
11 35
11 59
11 82
11 94
11 99
12 13
12 25
12 26
12 28
12 47
12 50
12 54
12 69
12 76
12 93
13 28
13 33
13 34
13 45
13 49
13 50
13 54
13 57
13 74
13 76
13 77
13 82
13 89
13 90
14 29
14 34
14 67
14 71
15 18
15 37
15 42
15 44
15 45
15 59
15 63
15 74
15 77
15 80
15 99
16 22
16 37
16 38
16 42
16 55
16 56
16 62
16 92
17 33
17 42
17 52
17 56
17 65
17 79
17 86
17 92
18 25
18 35
18 47
18 56
18 60
18 68
18 70
18 77
18 80
18 89
18 93
19 21
19 25
19 27
19 39
19 44
19 47
19 56
19 63
19 81
19 97
19 98
20 24
20 48
20 51
20 88
20 95
21 25
21 28
21 33
21 61
21 62
21 70
21 79
21 93
22 26
22 32
22 47
22 48
22 50
22 57
22 83
22 84
22 86
23 36
23 44
23 72
23 79
23 82
24 49
24 55
24 56
24 64
24 70
24 72
24 75
24 85
24 96
25 28
25 39
25 62
25 63
25 64
25 68
25 74
25 77
25 80
25 86
25 90
25 92
25 98
26 39
26 49
26 56
26 61
26 64
26 77
26 87
26 93
27 28
27 39
27 41
27 43
27 55
27 69
27 88
27 92
27 98
28 45
28 46
28 50
28 54
28 97
28 99
29 33
29 71
29 73
29 74
29 83
29 93
29 99
30 36
30 42
30 44
30 51
30 53
30 54
30 56
30 57
30 58
30 63
30 64
30 69
30 72
30 74
30 83
30 88
31 35
31 45
31 55
31 64
31 76
31 85
31 91
31 95
31 97
31 99
32 40
32 56
32 59
32 86
32 96
32 97
33 36
33 41
33 47
33 52
33 55
33 56
33 58
33 63
33 73
33 75
33 78
33 96
34 35
34 50
34 51
34 53
34 57
34 93
35 61
35 66
35 72
35 87
35 98
36 40
36 44
36 47
36 70
36 76
36 89
37 45
37 53
37 55
37 68
37 72
37 78
37 79
37 80
37 93
38 51
38 52
38 53
38 96
39 41
39 65
39 76
40 45
40 53
40 58
40 63
40 82
40 88
40 89
40 93
40 99
41 44
41 46
41 49
41 53
41 65
41 83
41 84
41 93
42 45
42 56
42 63
42 74
42 76
42 78
42 92
42 97
43 44
43 45
43 52
43 57
43 88
43 93
43 97
43 98
44 59
44 72
44 97
45 52
45 74
45 77
45 83
45 85
45 97
45 99
46 51
46 56
46 64
46 80
46 85
47 58
47 78
47 92
48 66
48 82
48 94
49 54
49 62
49 78
50 53
50 54
50 67
50 90
51 56
51 65
51 78
51 87
51 88
52 56
52 86
52 87
52 88
53 57
53 64
53 73
53 78
54 55
54 58
54 60
54 63
54 81
55 70
55 72
55 80
56 86
57 64
57 75
57 81
57 86
57 88
57 89
57 95
58 69
58 83
58 84
58 85
58 87
58 97
59 70
59 72
59 80
59 82
60 82
60 98
61 75
61 81
61 94
61 99
62 69
62 89
63 75
63 96
63 99
64 73
64 81
65 90
65 92
66 74
66 76
66 87
66 95
67 80
68 72
68 73
68 76
68 94
68 97
69 73
69 76
69 87
69 97
70 77
70 81
70 84
71 95
71 99
72 92
73 79
73 91
74 76
74 90
75 77
75 79
75 81
75 93
76 91
76 97
78 89
78 91
79 89
79 99
80 83
80 97
81 95
81 97
84 92
85 86
85 90
85 92
85 93
87 89
88 89
91 93
95 98
97 99
