100 500
0 8
0 26
0 47
0 89
0 91
1 8
1 23
1 32
1 33
1 44
1 46
1 57
1 58
1 67
1 71
1 72
1 99
2 11
2 22
2 30
2 36
2 49
2 62
2 86
2 87
3 15
3 19
3 24
3 25
3 38
3 42
3 43
3 47
3 48
3 55
3 71
3 77
3 86
4 12
4 16
4 40
4 74
4 76
4 92
5 12
5 36
5 54
5 63
5 65
5 83
5 90
6 37
6 39
6 67
6 78
7 14
7 35
7 40
7 45
7 52
7 54
7 58
7 78
7 83
7 85
7 91
8 10
8 17
8 23
8 36
8 49
8 54
8 58
8 62
8 80
8 84
8 90
9 20
9 33
9 41
9 72
9 75
9 81
10 11
10 30
10 46
10 51
10 61
10 65
10 68
10 82
11 21
11 30
11 32
11 56
11 57
11 61
11 64
11 69
11 70
11 92
11 96
12 21
12 24
12 27
12 35
12 57
12 65
12 76
12 91
12 92
12 97
13 33
13 47
13 48
13 55
13 61
13 66
13 99
14 24
14 36
14 39
14 50
14 57
14 77
14 85
14 88
15 18
15 19
15 22
15 25
15 41
15 43
15 51
15 54
15 65
15 68
15 95
16 18
16 19
16 42
16 62
16 89
17 19
17 42
17 49
17 50
17 53
17 59
17 68
17 75
17 78
17 85
17 90
18 24
18 47
18 59
18 64
18 90
18 97
18 98
19 46
19 53
19 59
19 70
19 71
20 43
20 47
20 48
20 57
20 58
20 59
20 68
21 26
21 35
21 41
21 50
21 51
21 56
21 64
21 65
21 66
21 72
21 89
21 92
21 98
22 30
22 42
22 47
22 48
22 57
22 65
22 66
22 69
22 85
22 93
23 30
23 40
23 60
23 76
23 84
23 98
24 37
24 42
24 45
24 52
24 57
24 60
24 73
24 79
24 83
24 92
24 94
25 26
25 36
25 38
25 44
25 60
25 75
25 89
25 95
26 28
26 44
26 49
26 61
26 67
26 75
26 94
27 32
27 37
27 48
27 52
27 56
27 62
28 37
28 39
28 62
28 66
28 83
29 78
29 79
29 82
29 93
30 33
30 40
30 42
30 59
30 73
30 81
30 87
31 33
31 59
31 68
31 69
31 91
32 45
32 49
32 52
32 55
32 63
32 72
32 78
32 88
32 95
33 53
33 54
33 75
33 81
33 88
33 95
33 97
34 60
34 80
34 81
34 85
34 92
34 94
35 48
35 72
35 74
35 78
35 83
35 95
36 56
36 63
36 65
36 78
36 81
36 86
36 89
36 97
37 46
37 47
37 71
37 78
37 90
37 95
38 78
38 84
38 89
38 99
39 73
40 43
40 54
40 56
40 60
40 63
40 74
40 75
40 76
40 79
41 44
41 56
41 61
41 77
42 88
43 51
43 58
43 61
43 63
43 69
43 75
43 81
43 84
43 96
44 74
44 92
45 59
45 61
45 68
46 54
46 72
46 73
46 76
46 82
46 83
46 92
47 50
47 64
47 67
47 80
47 82
47 86
48 59
48 71
48 84
48 88
48 90
48 98
49 59
49 62
49 70
49 71
49 77
50 58
50 65
50 70
50 74
50 82
50 96
50 98
51 61
51 79
51 82
51 84
51 89
51 95
51 97
52 60
52 65
52 68
52 71
52 87
53 81
53 92
54 57
54 62
54 67
54 75
54 91
55 64
55 72
55 83
56 57
56 68
56 77
56 80
56 81
56 83
56 97
57 58
57 66
57 73
57 90
58 70
58 78
59 60
59 61
59 63
59 87
60 62
60 69
60 74
60 75
60 78
60 86
61 64
61 74
61 80
61 92
61 95
62 63
62 66
62 84
63 65
63 91
64 66
64 72
64 76
64 77
64 81
64 87
64 88
64 89
64 93
64 94
65 66
65 69
65 77
65 78
65 83
65 87
65 92
66 80
66 97
67 69
67 70
67 81
67 84
67 87
67 89
68 77
68 80
68 83
68 85
68 91
69 78
69 95
70 94
70 99
71 82
71 85
71 95
72 74
72 76
72 80
72 94
73 80
73 85
73 95
74 77
74 89
75 92
75 99
76 77
76 79
76 86
76 94
76 95
76 98
77 78
77 79
78 92
79 90
79 97
80 81
80 93
80 96
80 98
81 88
81 93
82 85
82 87
82 94
83 91
83 98
84 95
84 99
85 93
85 98
85 99
86 89
86 92
86 93
87 88
87 92
87 93
87 97
88 97
95 98
