100 500
0 22
0 27
0 34
0 38
0 53
0 58
0 59
0 85
0 89
1 15
1 25
1 45
1 47
1 58
1 61
1 66
1 69
1 71
1 79
1 95
1 99
2 11
2 16
2 20
2 48
2 55
2 97
3 12
3 13
3 22
3 29
3 46
3 50
3 73
3 82
4 5
4 19
4 33
4 48
4 53
4 54
4 63
4 65
4 70
4 72
4 74
4 83
5 9
5 12
5 14
5 22
5 27
5 38
5 48
5 51
5 91
5 98
5 99
6 9
6 17
6 18
6 50
6 54
6 59
6 73
6 79
6 83
6 89
6 96
7 11
7 32
7 44
7 46
7 72
7 74
7 78
7 79
7 81
7 82
7 85
8 15
8 29
8 38
8 51
8 73
8 80
8 83
8 94
9 15
9 28
9 32
9 39
9 40
9 52
9 58
9 61
9 68
9 75
9 85
9 92
10 18
10 19
10 41
10 51
10 60
10 66
10 87
10 89
10 94
11 34
11 36
11 37
11 57
11 63
11 66
11 92
11 95
12 13
12 29
12 56
12 58
12 59
12 65
12 68
12 69
12 74
12 75
13 37
13 40
13 58
13 63
13 64
13 86
14 18
14 24
14 27
14 36
14 67
14 72
14 79
15 16
15 18
15 19
15 24
15 48
15 71
15 92
16 19
16 20
16 58
16 70
17 29
17 32
17 34
17 36
17 37
17 42
17 44
17 47
17 55
17 63
17 73
17 93
17 96
17 98
18 29
18 33
18 59
18 75
18 80
18 88
18 92
18 93
18 95
19 27
19 47
19 49
19 62
19 63
19 83
19 94
19 98
19 99
20 36
20 39
20 55
20 56
20 61
20 74
20 79
21 22
21 39
21 40
21 53
21 59
21 67
21 89
21 98
22 25
22 30
22 32
22 46
22 80
22 90
22 92
22 95
23 29
23 44
23 78
23 79
23 93
23 94
23 95
24 26
24 28
24 31
24 62
24 67
24 69
24 78
24 79
24 94
24 98
25 29
25 32
25 41
25 43
25 45
25 46
25 47
25 48
25 52
25 58
25 59
25 71
25 72
25 73
25 99
26 36
26 48
26 54
26 63
26 71
26 73
26 79
26 89
27 60
27 63
27 84
27 88
28 41
28 46
28 82
29 30
29 31
29 45
29 54
29 60
29 67
29 72
29 75
29 82
30 35
30 40
30 56
30 70
30 78
30 85
31 42
31 57
31 69
31 73
31 74
32 33
32 34
32 38
32 58
32 63
32 65
32 67
32 75
32 80
32 82
32 84
32 88
33 53
33 56
33 63
33 66
33 80
33 97
34 39
34 53
34 54
34 83
34 86
34 89
34 91
35 78
35 80
35 81
36 44
36 45
36 52
36 56
36 57
36 71
36 77
36 82
36 89
36 93
37 41
37 57
37 61
37 78
37 79
37 84
37 94
38 41
38 49
38 51
38 63
38 83
38 92
39 48
39 68
39 99
40 45
40 49
40 50
40 58
41 45
41 52
41 63
41 72
41 74
41 83
41 97
42 69
42 72
42 75
42 90
43 46
43 69
43 71
43 72
43 87
43 89
43 94
44 45
44 57
44 92
44 94
45 49
45 58
45 64
45 92
45 99
46 55
46 56
46 64
46 68
46 89
47 54
47 60
47 85
47 90
47 97
48 55
48 57
48 68
48 76
48 83
48 84
48 86
48 96
49 60
49 85
49 89
49 90
50 51
50 94
51 61
51 82
51 87
52 69
52 78
52 89
52 94
52 98
53 72
53 75
53 76
54 56
54 72
54 73
54 79
55 56
55 64
55 69
55 71
55 87
55 90
55 95
56 59
56 61
56 65
56 79
56 87
56 91
56 93
57 59
57 66
57 89
57 95
58 61
58 62
58 64
58 71
58 80
58 85
58 93
59 65
59 75
59 76
59 85
60 69
60 77
60 78
60 94
61 70
61 76
61 87
61 94
62 63
62 64
62 73
62 86
62 89
62 92
63 67
63 77
63 82
64 92
64 97
65 75
66 73
66 90
67 96
68 85
69 71
69 97
70 78
70 82
71 74
71 76
71 80
72 75
72 77
72 97
72 98
73 78
73 82
73 83
73 84
74 76
74 81
74 88
74 92
74 93
74 96
75 79
75 85
75 92
76 82
76 86
76 93
76 97
76 98
77 94
78 98
79 96
80 93
82 90
83 96
84 94
85 97
86 95
87 93
87 95
87 99
89 99
90 93
90 96
92 96
93 94
93 97
94 95
94 97
98 99
