100 500
0 13
0 23
0 35
0 37
0 47
0 55
0 75
0 81
0 85
0 91
0 94
1 3
1 11
1 42
1 51
1 68
1 77
1 78
1 79
1 82
1 84
1 96
1 97
2 7
2 16
2 28
2 33
2 57
2 65
2 66
2 67
2 75
2 99
3 8
3 20
3 30
3 39
3 61
3 91
4 8
4 15
4 22
4 24
4 27
4 39
4 40
4 51
4 53
4 58
4 62
4 68
4 84
5 9
5 14
5 42
5 44
5 45
5 71
5 84
5 96
6 12
6 16
6 21
6 34
6 39
6 40
6 52
6 72
6 95
6 98
7 32
7 34
7 36
7 41
7 48
7 55
7 59
7 65
7 71
7 81
7 87
8 11
8 13
8 15
8 24
8 40
8 41
8 51
8 55
8 74
8 76
8 78
8 79
8 96
9 10
9 17
9 26
9 27
9 28
9 46
9 58
9 66
9 97
10 37
10 46
10 61
10 78
10 81
10 86
10 88
10 92
11 12
11 25
11 41
11 47
11 65
11 69
11 82
11 83
11 84
11 86
11 89
11 97
12 13
12 15
12 17
12 44
12 57
12 59
12 61
12 69
12 88
12 90
13 24
13 27
13 32
13 39
13 52
13 57
13 61
13 74
13 91
13 92
14 35
14 55
14 57
14 63
14 67
14 74
14 98
15 36
15 38
15 62
16 32
16 35
16 58
16 68
16 71
16 77
16 79
16 85
17 29
17 36
17 43
17 51
17 64
17 67
17 70
17 87
17 91
18 34
18 49
18 51
18 64
18 85
18 86
19 44
19 60
19 62
19 66
19 67
19 90
20 27
20 44
20 65
20 68
20 81
21 29
21 35
21 62
21 71
21 72
21 76
21 77
21 81
21 89
21 91
21 98
22 23
22 31
22 48
22 50
22 53
22 54
22 55
22 59
22 98
23 30
23 33
23 53
23 70
23 75
23 99
24 39
24 71
24 77
24 79
24 81
25 36
25 47
25 56
25 65
25 81
25 85
25 88
25 93
25 96
25 98
26 27
26 28
26 45
26 54
26 70
26 75
26 88
27 37
27 42
27 61
27 62
27 82
27 84
27 85
27 89
27 92
28 44
28 53
28 56
28 68
28 71
28 73
28 80
29 35
29 51
29 56
29 70
29 71
29 81
29 95
30 33
30 39
30 40
30 44
30 45
30 52
30 57
30 60
30 62
30 72
30 73
30 75
31 49
31 52
31 71
31 89
32 43
32 52
32 69
32 76
32 77
32 84
32 87
32 92
32 94
33 43
33 44
33 60
33 61
33 64
33 89
33 92
33 93
33 97
33 98
34 44
34 45
34 51
34 62
34 68
34 72
34 88
34 92
35 63
35 84
35 95
36 91
37 46
37 58
37 59
37 65
37 77
37 83
38 58
38 68
38 86
39 48
39 56
39 59
39 67
39 75
39 78
39 87
39 98
40 52
40 88
40 89
40 95
41 63
41 73
41 82
41 84
42 44
42 45
42 59
42 61
42 91
42 94
42 95
43 61
43 64
43 77
43 86
43 91
43 93
43 95
43 99
44 59
44 74
44 76
44 85
45 56
45 80
45 95
46 52
46 68
46 81
46 96
47 58
47 64
48 55
48 78
48 99
49 55
49 59
49 66
49 74
49 75
49 82
49 98
50 55
50 73
50 81
51 52
51 53
51 64
51 65
51 66
52 63
52 66
52 71
52 73
52 78
52 79
52 82
52 87
53 59
53 63
53 91
54 61
54 77
55 76
55 78
55 90
55 93
55 96
55 97
56 66
56 91
56 94
57 69
57 78
57 79
57 93
57 96
57 97
58 64
58 67
58 75
58 85
58 89
58 99
59 62
59 63
59 64
59 65
59 72
59 78
59 84
59 91
59 93
60 61
60 72
60 81
60 95
61 68
61 75
61 77
61 98
61 99
62 71
62 74
62 92
62 97
63 69
63 72
63 75
63 93
64 67
64 71
64 83
65 75
65 81
65 95
66 71
66 93
66 99
67 70
67 87
67 89
67 90
67 91
67 94
68 72
68 94
68 95
69 82
69 85
70 80
70 84
70 89
70 99
71 77
71 83
71 94
71 97
72 89
72 91
73 92
73 95
73 96
74 80
74 83
74 95
75 80
75 94
76 94
78 93
78 95
79 85
79 90
79 98
80 90
80 94
80 95
81 86
81 93
81 98
82 93
83 89
83 97
85 90
85 93
85 97
86 92
86 96
88 95
88 98
89 95
89 96
91 99
92 99
