100 500
0 5
0 12
0 27
0 30
0 36
0 40
0 54
0 76
1 6
1 7
1 18
1 29
1 35
1 46
1 62
1 65
1 88
2 15
2 19
2 22
2 24
2 30
2 48
2 60
2 74
2 75
3 23
3 47
3 52
3 73
3 88
3 90
3 99
4 5
4 8
4 22
4 25
4 39
4 41
4 42
4 52
4 63
4 74
5 9
5 10
5 17
5 23
6 8
6 24
6 45
6 54
6 62
6 71
6 72
6 84
6 89
6 93
7 23
7 26
7 27
7 41
7 55
7 66
7 74
7 76
7 79
8 11
8 18
8 28
8 33
8 40
8 80
8 85
8 90
8 99
9 20
9 21
9 28
9 34
9 53
9 58
9 92
9 93
9 94
10 16
10 23
10 31
10 41
10 43
10 47
10 65
10 69
10 73
10 81
10 84
10 90
10 95
11 26
11 51
11 68
11 69
11 73
11 79
11 85
11 93
12 35
12 82
12 98
13 32
13 36
13 39
13 81
14 17
14 23
14 39
14 41
14 49
14 62
14 65
14 69
14 79
14 91
15 23
15 30
15 40
15 57
15 60
15 63
15 86
15 91
15 92
15 94
16 31
16 36
16 44
16 59
16 69
16 82
16 87
16 89
16 93
16 99
17 33
17 40
17 73
17 79
17 90
17 97
17 99
18 20
18 21
18 27
18 36
18 40
18 42
18 51
18 54
18 75
18 80
18 84
18 86
18 88
19 28
19 41
19 42
19 47
19 53
19 60
19 80
19 89
20 39
20 43
20 47
20 58
20 66
20 71
20 75
20 80
20 94
21 27
21 37
21 40
21 44
21 46
21 49
21 51
21 60
21 67
21 68
21 73
21 75
21 95
22 32
22 37
22 53
22 54
22 74
22 99
23 34
23 36
23 39
23 75
24 38
24 41
24 47
24 58
24 63
24 64
24 69
24 70
24 82
24 84
25 37
25 60
25 61
25 80
26 33
26 36
26 47
26 48
26 58
26 63
26 66
26 69
26 76
26 86
26 88
26 99
27 28
27 48
27 59
27 65
27 89
28 70
28 87
28 88
29 37
29 74
29 93
29 94
30 40
30 61
30 62
30 63
30 75
30 80
31 42
31 83
32 45
32 47
32 66
32 94
33 41
33 52
33 53
33 54
33 74
33 75
33 76
33 80
34 35
34 49
34 50
34 56
34 65
34 82
34 84
34 86
34 87
34 89
35 40
35 47
35 61
35 63
35 69
35 77
36 40
36 61
36 66
36 67
36 72
36 79
36 92
36 96
37 38
37 47
37 58
37 78
37 80
38 40
38 73
38 78
38 81
38 93
38 94
38 95
39 40
39 46
39 50
39 54
39 55
39 63
39 84
39 87
39 95
39 97
40 42
40 54
40 57
40 77
40 84
40 91
40 98
41 43
41 57
41 59
41 68
41 75
41 77
41 89
41 95
42 65
42 72
42 76
42 88
42 89
42 91
42 95
42 99
43 45
43 97
44 45
44 56
44 62
44 72
44 81
44 86
44 89
44 90
44 96
44 99
45 60
45 64
45 92
45 95
45 97
46 54
46 70
46 90
46 92
46 96
47 52
47 59
47 71
47 77
47 81
47 95
47 97
48 50
48 55
48 77
48 91
48 96
49 52
49 53
49 59
49 64
49 68
49 72
49 81
49 91
49 92
50 58
50 61
50 64
50 78
50 80
50 86
50 90
50 97
51 61
51 72
51 76
51 87
52 55
52 60
52 68
52 75
52 91
53 61
53 68
53 69
53 70
53 73
53 92
53 95
54 56
54 79
54 86
55 62
55 64
55 72
55 79
55 81
55 90
55 97
56 80
56 95
57 65
57 73
57 75
57 79
57 93
57 96
58 78
58 95
59 82
59 98
60 92
61 73
61 83
61 89
61 95
62 70
64 84
64 91
64 98
65 74
65 83
66 70
66 71
66 73
66 83
66 87
66 92
66 99
67 74
67 75
67 83
67 87
67 94
68 71
68 80
68 81
68 84
69 73
69 84
69 89
70 81
70 84
70 85
70 86
70 87
71 79
71 98
72 81
72 85
73 76
73 85
73 91
74 92
75 81
75 85
75 88
75 91
75 94
75 96
76 80
76 90
77 83
78 83
78 90
79 94
80 81
80 87
80 94
80 96
81 87
81 90
81 93
81 95
81 97
81 99
82 86
83 86
83 94
83 98
84 95
84 98
85 86
85 87
85 92
86 93
87 96
90 94
92 98
93 96
95 97
97 98
97 99
