100 500
0 18
0 29
0 86
0 93
0 96
0 97
1 5
1 7
1 13
1 18
1 22
1 30
1 36
1 37
1 41
1 43
1 59
1 62
1 68
1 80
1 90
1 96
2 7
2 17
2 22
2 37
2 68
2 78
2 92
3 7
3 12
3 20
3 30
3 31
3 32
3 39
3 52
3 59
3 64
3 65
3 95
3 99
4 7
4 19
4 24
4 34
4 45
4 48
4 73
4 75
4 80
5 20
5 53
5 71
5 79
5 80
5 81
5 83
5 90
5 95
5 96
6 7
6 13
6 17
6 36
6 51
6 62
6 82
6 93
7 8
7 20
7 26
7 35
7 45
7 71
7 79
7 83
7 85
7 93
7 96
8 18
8 21
8 26
8 38
8 74
8 78
8 95
9 27
9 40
9 41
9 42
9 45
9 46
9 47
9 49
9 54
9 67
9 74
9 77
9 82
10 22
10 43
10 53
10 58
10 68
10 74
10 91
11 15
11 25
11 40
11 49
11 51
11 52
11 63
11 83
12 16
12 19
12 26
12 30
12 39
12 72
12 80
12 87
12 97
13 41
13 53
13 54
13 64
13 65
13 77
13 79
13 81
13 91
14 26
14 37
14 40
14 57
14 59
14 64
14 73
14 82
14 84
14 91
15 18
15 25
15 30
15 59
15 65
15 78
16 25
16 35
16 54
16 60
16 79
16 88
16 98
16 99
17 30
17 46
17 49
17 55
17 78
17 81
18 24
18 28
18 31
18 33
18 34
18 36
18 37
18 39
18 43
18 48
18 50
18 67
18 71
18 84
18 87
18 89
18 91
18 96
19 22
19 23
19 43
19 53
19 62
19 76
19 93
20 37
20 63
20 70
20 72
20 79
20 82
20 88
20 93
21 23
21 28
21 29
21 40
21 54
21 76
21 78
21 89
21 96
22 23
22 26
22 47
22 50
22 53
22 66
22 88
22 97
23 26
23 29
23 54
23 58
23 70
23 74
23 81
23 83
23 87
23 96
24 39
24 46
24 49
24 63
24 97
25 28
25 31
25 45
25 67
25 82
25 92
25 96
26 28
26 34
26 55
26 57
26 70
26 95
27 33
27 57
27 59
27 64
27 88
28 37
28 38
28 56
28 58
28 68
28 73
28 78
28 80
28 84
29 36
29 48
29 56
29 61
29 82
29 84
29 85
29 88
30 72
30 76
30 83
30 87
30 92
31 40
31 64
31 90
31 93
32 36
32 48
32 63
32 79
32 87
32 89
32 94
33 35
33 50
33 64
33 82
33 83
33 99
34 56
34 68
34 76
34 78
34 84
34 92
35 39
35 41
35 45
35 55
35 62
35 66
35 80
35 84
35 91
35 97
36 52
36 67
36 75
36 80
36 81
36 82
36 83
36 87
37 67
37 69
37 75
37 82
37 89
38 41
38 49
38 52
38 60
38 66
38 69
38 71
38 73
38 75
38 78
38 97
38 98
39 40
39 43
39 49
39 64
39 77
39 95
39 96
39 97
40 44
40 50
40 65
40 76
40 80
40 99
41 54
41 57
41 83
41 90
41 93
41 98
42 46
42 62
42 71
42 72
42 78
42 82
42 83
42 89
42 90
42 91
43 74
43 75
43 85
43 94
44 46
44 50
44 57
44 65
44 99
45 48
45 91
45 92
45 97
46 73
46 98
47 57
47 58
47 66
47 73
47 81
47 97
48 73
48 82
48 95
48 99
49 63
49 72
49 86
50 56
50 61
50 64
51 56
51 77
51 79
52 65
52 66
52 71
52 72
52 77
52 81
52 82
52 84
52 86
52 90
52 95
53 58
53 65
53 68
53 70
53 74
53 75
53 83
53 93
53 94
54 88
54 90
54 94
54 95
54 97
55 58
55 65
55 78
55 86
55 89
55 90
55 96
56 58
56 69
56 75
56 92
57 87
58 60
58 63
58 68
58 77
58 85
58 86
58 91
59 77
59 81
59 89
60 67
60 78
60 81
60 90
61 62
61 75
61 79
61 81
61 85
61 95
61 99
62 70
62 76
62 90
63 68
63 82
63 84
63 88
63 90
63 93
64 93
64 97
65 70
65 73
65 76
65 84
65 85
66 93
66 98
67 93
67 94
68 85
68 98
69 74
69 85
69 90
69 97
70 85
70 95
70 99
71 93
72 85
72 88
73 80
73 89
74 93
74 98
76 82
79 88
79 90
80 97
83 85
83 96
84 93
85 89
87 90
88 94
88 97
89 95
91 99
92 99
95 99
96 99
