100 500
0 9
0 29
0 37
0 40
0 43
0 50
0 56
0 82
0 98
1 2
1 27
1 42
1 49
1 59
1 68
1 82
2 10
2 21
2 24
2 25
2 41
2 88
2 90
2 91
2 94
2 99
3 6
3 19
3 26
3 29
3 40
3 66
3 82
3 84
3 94
4 6
4 12
4 19
4 34
4 42
4 47
4 51
4 53
4 70
4 74
4 79
4 80
4 88
5 7
5 16
5 75
5 90
6 23
6 28
6 33
6 36
6 40
6 48
6 49
6 79
6 85
6 86
6 90
6 93
7 19
7 21
7 40
7 61
7 63
7 88
7 97
8 23
8 24
8 32
8 35
8 40
8 42
8 50
8 51
8 62
8 74
8 88
8 94
8 97
9 12
9 15
9 19
9 30
9 51
9 53
9 60
9 62
9 63
9 78
10 22
10 30
10 56
10 58
10 60
10 62
10 66
10 71
10 74
10 84
10 90
11 13
11 18
11 25
11 28
11 34
11 48
11 50
11 66
11 76
11 91
11 93
11 94
11 98
12 13
12 19
12 38
12 51
12 60
12 68
12 79
12 93
12 96
12 98
13 28
13 29
13 31
13 35
13 40
13 41
13 49
13 72
13 84
13 95
13 96
14 38
14 56
14 66
14 87
15 36
15 46
15 51
15 52
15 66
15 68
15 89
15 90
16 28
16 30
16 41
16 49
16 55
16 69
16 70
16 83
17 37
17 71
17 75
17 87
17 91
18 19
18 20
18 62
18 66
18 73
18 93
18 95
19 33
19 41
19 42
19 55
19 62
19 93
19 96
20 40
20 44
20 53
20 61
20 62
20 77
20 79
20 84
20 94
20 98
21 29
21 32
21 33
21 40
21 47
21 51
21 71
21 75
21 80
21 89
22 29
22 48
22 50
22 53
22 66
22 68
22 70
22 87
23 33
23 68
23 74
23 86
24 43
24 60
24 66
24 71
24 75
24 77
24 82
24 88
24 96
24 97
25 63
25 79
25 86
26 32
26 57
26 76
26 91
27 28
27 33
27 39
27 45
27 47
27 55
27 58
27 67
27 69
27 70
27 93
27 95
28 42
28 45
28 50
28 68
28 70
28 72
28 78
28 83
28 85
28 88
28 93
28 95
28 96
29 36
29 58
29 60
29 65
29 76
29 88
29 94
30 34
30 49
30 58
30 61
30 68
30 72
30 83
31 45
31 48
31 54
31 55
31 64
31 81
31 85
31 97
32 41
32 48
32 50
32 51
32 54
32 77
32 82
32 84
32 88
32 92
33 38
33 43
33 45
33 49
33 55
33 89
34 52
34 71
34 73
34 80
34 92
35 43
35 50
35 56
35 58
35 67
35 79
35 82
35 88
35 90
36 44
36 54
36 81
36 88
37 38
37 41
37 52
37 57
37 59
37 71
37 87
37 89
37 90
38 46
38 48
38 51
38 56
38 60
38 73
38 74
39 40
39 49
39 79
39 95
40 61
40 63
40 67
40 68
40 69
40 71
40 77
40 88
40 93
40 94
41 49
41 57
41 60
41 65
41 79
41 84
41 92
41 93
42 49
42 53
42 55
42 60
42 68
43 46
43 47
43 59
43 60
43 68
43 70
43 75
43 83
43 84
43 87
44 50
44 58
44 68
44 71
44 72
44 80
44 82
44 85
44 92
45 50
45 59
45 68
46 65
46 76
46 78
46 85
46 91
47 54
47 66
47 69
47 75
48 64
49 68
49 69
49 74
49 80
49 99
50 54
50 69
50 95
51 78
51 95
51 97
51 99
52 55
52 78
52 90
53 60
53 67
53 75
53 92
53 95
54 64
54 69
54 80
55 83
55 84
55 98
56 73
56 86
56 87
56 90
56 91
57 63
57 67
57 75
57 77
57 84
57 89
57 97
58 92
58 98
60 75
60 82
60 83
60 91
60 96
60 99
61 68
61 73
61 79
61 85
61 92
62 77
63 68
63 75
63 83
63 94
63 97
64 65
64 66
64 73
64 79
64 81
64 87
64 92
65 77
66 70
66 73
66 78
66 91
67 69
67 83
67 84
67 97
68 70
68 82
68 87
69 90
69 95
69 96
70 83
70 92
70 93
70 94
71 84
71 85
71 87
71 91
72 82
73 81
73 83
74 76
74 79
74 92
75 77
75 98
76 80
77 92
78 88
78 89
78 92
79 80
80 84
80 91
81 83
81 89
81 94
81 96
82 94
83 92
84 94
85 96
86 91
87 98
88 93
91 96
91 99
95 97
