100 500
0 54
0 57
0 66
0 93
1 18
1 33
1 37
1 48
1 55
1 57
1 59
1 61
1 64
1 65
1 70
2 19
2 35
2 40
2 44
2 61
2 75
2 88
2 98
3 11
3 36
3 38
3 39
3 40
3 51
3 53
3 55
3 88
3 93
3 97
4 15
4 21
4 24
4 25
4 29
4 63
4 93
5 25
5 34
5 37
5 56
5 65
5 70
5 75
5 80
5 95
6 55
6 58
6 65
6 71
7 9
7 19
7 32
7 40
7 41
7 48
7 50
7 63
7 70
7 75
7 78
7 82
8 14
8 32
8 51
8 57
8 73
8 79
8 92
8 96
9 18
9 29
9 73
9 76
9 77
9 88
9 90
9 98
10 13
10 17
10 48
10 55
10 79
10 85
10 88
10 92
10 94
11 35
11 40
11 44
11 46
11 50
11 68
11 93
12 16
12 19
12 32
12 40
12 43
12 69
12 77
12 92
13 14
13 34
13 41
13 57
13 62
13 65
13 67
13 71
13 84
13 92
13 99
14 27
14 28
14 30
14 34
14 46
14 83
14 84
15 37
15 60
15 64
15 69
15 84
16 25
16 32
16 36
16 55
16 62
16 63
16 97
17 19
17 27
17 53
17 54
17 75
17 85
17 86
17 94
18 19
18 61
18 69
18 80
19 21
19 22
19 24
19 39
19 61
19 95
20 31
20 37
20 46
20 62
20 67
20 71
20 80
20 91
20 96
21 30
21 36
21 38
21 47
21 54
21 56
21 59
21 71
22 44
22 56
22 59
22 69
22 78
22 79
22 83
22 85
22 90
22 98
23 30
23 41
23 47
23 74
23 76
23 88
23 89
24 32
24 35
24 38
24 41
24 51
24 74
24 77
24 81
24 89
24 91
24 93
24 95
25 35
25 36
25 43
25 59
25 61
25 82
25 96
26 55
26 70
26 77
26 79
26 82
27 41
27 47
27 59
27 77
27 89
27 94
27 97
27 99
28 29
28 33
28 34
28 40
28 43
28 46
28 50
28 68
28 70
28 73
28 88
29 31
29 36
29 47
29 50
29 62
29 67
29 82
29 93
29 98
30 31
30 35
30 47
30 56
30 63
30 73
30 74
30 79
30 93
30 95
31 35
31 43
31 70
31 82
32 33
32 48
32 51
32 55
32 61
32 65
32 68
32 75
32 90
33 39
33 45
33 59
33 70
33 72
33 93
34 44
34 56
34 69
35 43
35 47
35 48
35 50
35 65
35 80
36 62
36 78
36 92
36 95
36 96
37 51
37 53
37 54
37 56
37 75
37 96
38 46
38 49
38 62
38 82
38 90
38 98
38 99
39 41
39 45
39 56
39 87
39 97
40 48
40 51
40 57
40 69
40 78
40 88
40 94
40 98
41 42
41 51
41 56
41 61
41 62
41 65
41 74
41 80
41 84
42 47
42 66
42 67
42 70
42 73
42 76
42 82
42 86
42 95
43 50
43 51
43 57
43 68
43 73
43 88
43 89
44 74
44 87
44 96
44 97
45 47
45 62
45 72
45 77
45 90
45 91
45 96
46 55
46 74
46 79
46 83
46 90
47 52
47 61
47 75
47 80
47 81
47 87
47 89
47 96
48 64
48 67
48 75
48 79
48 80
48 84
48 85
48 91
49 50
49 53
49 58
49 73
49 87
49 94
49 96
50 61
50 90
50 91
50 98
51 56
51 88
51 94
51 95
52 68
52 77
52 85
53 59
53 61
53 78
53 84
53 85
53 88
53 96
53 99
54 55
54 66
54 69
54 79
54 82
55 74
55 81
56 57
56 58
56 60
56 71
56 73
56 78
56 89
57 67
57 79
58 84
58 91
58 99
59 93
60 83
60 90
60 92
60 93
60 94
60 95
60 96
61 62
61 66
61 69
61 99
62 73
62 76
62 87
62 99
63 77
63 87
64 68
64 69
64 83
64 87
65 74
65 88
65 93
65 97
66 67
66 80
67 71
67 99
68 78
68 81
68 83
69 78
69 84
69 90
69 91
69 93
70 91
71 76
71 88
71 91
72 76
73 76
73 79
73 80
73 83
73 89
74 81
74 83
74 91
74 95
74 98
75 78
75 85
75 96
75 98
75 99
76 84
76 95
77 86
77 94
78 85
78 99
79 87
79 90
79 95
79 98
80 85
80 86
81 86
81 90
82 96
83 90
83 99
84 89
84 98
85 89
86 88
86 91
86 92
86 97
87 93
89 90
89 91
90 91
93 98
93 99
94 96
