
2617 2986
0 1
1 2
1 3
2 337
2 338
3 1136
3 523
3 1082
4 5
5 2482
5 1488
6 7
7 2541
7 2567
7 2568
7 2569
8 9
8 10
11 12
11 13
11 14
11 15
12 640
12 641
12 642
12 643
12 644
12 645
12 646
16 17
17 1140
17 960
17 1205
18 19
20 21
20 22
23 24
24 2117
24 1091
24 2186
25 26
26 449
26 450
26 451
26 452
26 453
26 454
27 28
28 1523
28 1070
28 1524
28 1525
28 1526
28 1527
28 931
28 1528
28 1529
29 30
29 31
29 32
32 403
32 881
32 882
33 34
33 35
33 36
33 37
33 38
33 39
33 40
33 41
33 42
33 43
41 2276
44 45
46 47
46 48
46 49
48 240
48 2591
50 51
50 52
50 53
50 54
50 55
51 1609
51 1610
51 1127
51 1611
51 1398
51 1612
51 1613
52 1060
56 57
57 2465
57 1332
57 982
58 59
59 1265
59 1169
60 61
61 2427
61 1868
61 2186
61 2428
61 2429
62 63
62 64
64 2102
65 66
67 68
67 7
69 70
70 1350
71 72
71 73
71 74
71 75
72 143
76 77
76 78
77 752
79 80
80 2532
80 484
81 82
81 83
82 1617
82 1618
84 85
85 1069
86 87
88 89
88 90
89 1885
89 40
89 2053
91 92
91 93
91 94
91 95
91 96
91 97
91 98
91 99
91 100
92 151
92 152
92 153
93 723
97 622
97 1789
100 902
100 284
101 102
101 103
102 1392
104 105
105 415
105 490
106 107
107 822
107 823
107 824
107 825
107 325
107 826
107 464
107 827
107 828
107 829
107 122
107 49
108 109
109 2344
109 2292
110 111
111 232
111 233
111 234
111 235
111 236
111 237
111 238
111 239
111 240
111 241
112 113
113 546
113 547
113 548
113 549
113 550
113 551
113 552
113 430
113 553
113 554
113 555
113 556
114 115
116 117
117 2437
117 2438
117 2439
118 119
118 120
119 736
119 737
121 122
123 124
125 126
125 127
126 792
126 1140
126 358
128 129
128 130
131 48
131 132
133 134
134 314
134 315
135 136
136 2080
136 2081
136 765
137 138
138 1486
138 1487
138 1488
139 140
141 142
142 1976
142 2039
142 2040
142 2041
142 2042
142 2043
142 2044
142 2045
142 2046
142 2047
142 2048
142 2049
142 2050
143 2511
144 145
144 146
145 1689
145 774
145 1690
145 1691
145 1692
145 1693
146 2521
146 2522
146 2523
146 2524
147 148
148 778
149 150
150 832
150 833
150 834
150 835
150 836
150 837
150 838
150 839
150 840
151 924
151 925
153 1709
153 306
154 155
155 356
156 157
156 158
156 159
156 160
156 68
157 1424
161 162
161 163
161 164
161 165
162 627
162 628
162 629
166 17
167 168
169 170
170 1979
170 1976
170 1018
170 1980
170 651
170 1838
170 1977
170 1981
170 1978
170 1982
170 728
171 172
171 173
171 174
172 1070
172 1071
172 1072
175 176
177 178
179 151
179 180
179 136
180 163
181 182
181 183
181 184
181 185
181 186
182 648
182 649
182 650
182 651
182 652
182 653
182 654
182 655
183 1473
183 1474
183 970
183 902
184 1586
184 1202
184 1587
184 243
185 1696
187 188
188 1876
188 1877
188 520
188 1092
189 190
190 2510
191 192
191 193
191 194
191 195
191 196
191 197
191 198
191 199
192 223
192 224
192 225
193 826
193 931
193 932
193 933
194 1171
194 1320
195 1756
200 201
201 378
202 203
203 1558
203 1926
204 205
205 1403
205 1404
205 1405
205 684
205 1406
205 1407
205 1408
205 1197
205 1409
206 207
208 209
209 1989
209 1528
209 401
210 111
210 211
210 212
211 611
211 612
211 613
211 614
212 787
212 622
213 214
214 1434
215 216
217 218
217 219
219 687
219 494
220 113
221 222
222 1283
222 1022
222 1284
222 1285
222 1286
223 508
223 1435
224 1437
226 227
228 229
230 231
233 205
239 2289
242 243
243 1033
243 2037
244 245
246 247
247 1290
247 509
247 1291
247 1292
248 249
248 250
248 251
249 695
249 696
249 82
249 697
249 698
249 699
249 700
249 701
249 702
250 798
250 190
250 799
252 253
252 254
252 255
255 2551
256 257
256 258
256 259
256 260
256 261
259 1500
260 2078
260 2171
260 2172
260 1241
260 1455
262 263
262 264
263 323
263 324
263 325
263 326
264 1074
265 266
265 267
265 268
266 936
267 1818
267 1771
267 1848
269 270
271 272
273 274
273 275
273 276
273 277
276 2186
276 1269
278 7
279 280
279 281
279 282
280 2182
280 1432
280 1108
283 284
284 2557
285 286
285 75
287 288
287 289
288 532
289 2258
289 2259
290 172
291 292
291 293
292 260
292 677
292 805
293 1142
293 1143
293 1144
293 1145
293 1146
293 1147
293 1148
293 1149
293 1150
293 975
293 1151
293 1152
293 1153
293 1154
293 1155
293 1156
293 1157
293 1158
294 295
295 1285
295 2596
296 297
296 298
297 501
297 502
297 503
297 504
298 1401
298 1402
299 178
300 301
300 302
300 303
300 304
301 302
301 303
301 543
301 1327
302 1238
302 9
302 1327
303 1327
305 306
306 1008
307 140
308 309
310 311
311 1541
311 1542
311 1543
312 313
314 1262
314 1263
314 581
314 1264
314 1265
316 317
316 318
317 1066
318 991
318 2533
319 320
320 57
321 322
323 329
323 330
323 155
323 331
323 332
323 333
327 328
329 378
330 571
332 653
332 2321
332 2322
332 1364
334 89
334 295
335 336
336 2458
336 2459
337 51
338 693
339 340
339 341
339 342
339 343
339 344
339 345
339 346
339 347
340 841
340 5
340 842
344 1964
344 5
348 190
349 190
350 351
351 2068
351 1316
351 1435
351 2155
352 353
352 354
352 355
352 356
352 357
352 358
352 359
353 418
353 419
353 420
354 2108
355 295
360 361
360 362
361 1841
363 364
365 366
366 1639
366 1640
367 119
367 368
369 370
370 1250
370 1251
370 1252
370 1253
370 1254
370 1255
371 372
372 2440
372 2441
372 2442
372 2443
372 2444
373 205
374 375
374 376
374 377
374 378
375 1312
375 1140
375 1500
379 380
379 381
379 382
379 383
380 833
380 1194
380 1195
380 1196
380 1197
380 490
381 902
381 653
381 1286
384 385
386 216
386 387
386 388
386 77
387 578
389 390
389 391
389 392
389 393
389 394
390 1588
390 153
391 1244
391 1851
392 1364
392 659
393 1787
395 293
396 397
397 428
397 429
397 430
397 431
398 399
399 2226
399 2227
399 2228
399 2229
399 2230
400 401
402 403
402 404
402 405
402 406
402 407
403 922
403 923
404 911
404 1614
404 153
404 487
405 2389
406 2609
406 487
406 2610
408 409
409 456
409 457
409 458
409 459
409 460
409 461
409 462
409 463
409 464
409 465
409 466
409 467
409 468
409 469
409 470
409 471
409 472
410 411
410 412
413 314
414 150
414 415
415 1868
415 2318
415 2319
416 417
417 2601
418 419
418 466
420 943
421 401
422 423
424 7
425 409
426 427
427 2616
427 2616
432 433
434 435
435 781
436 399
437 438
437 52
437 53
437 439
437 440
437 55
437 441
438 485
438 486
438 126
438 487
439 781
442 7
443 444
444 2538
444 2539
445 446
447 448
447 74
448 2237
448 2238
448 2239
448 2240
448 1926
448 2241
448 2242
449 450
449 451
449 1177
449 1178
450 712
450 1664
450 1665
451 1755
455 113
460 153
473 474
475 476
477 17
477 478
477 479
477 480
478 2151
478 2152
479 2155
480 2485
480 2486
481 482
483 484
485 102
485 361
485 1022
485 1023
486 1377
486 1378
486 1379
486 439
486 55
486 1380
486 1381
488 117
489 490
491 492
492 2299
492 2300
492 2301
492 2302
492 2303
493 494
494 2516
494 870
495 496
496 1259
497 496
498 499
499 667
499 668
499 669
499 670
500 117
503 2289
505 448
506 182
506 186
506 480
506 470
507 508
507 509
507 510
507 511
508 1992
508 809
510 1097
510 2273
511 295
511 675
512 513
514 515
516 517
516 518
517 1977
517 1981
519 150
519 520
520 2554
520 1326
521 522
521 311
521 523
521 524
522 1015
522 1016
523 39
523 1835
523 783
524 2173
524 672
525 526
526 1884
527 528
528 1705
528 1832
528 1833
528 1834
528 753
529 427
530 336
531 532
531 7
532 1847
532 2540
532 2541
532 2542
532 2543
532 840
533 534
534 1245
534 1246
534 1247
534 1248
534 898
534 731
535 536
535 537
535 538
535 48
535 539
536 596
536 597
536 129
536 513
536 598
538 1316
538 1848
538 583
538 655
540 284
541 542
541 201
541 543
542 2435
544 545
545 570
545 170
551 2006
554 168
557 558
557 559
557 446
560 561
562 563
563 1346
563 1347
564 565
566 492
567 568
569 570
569 170
570 1976
570 1838
570 1977
570 1978
570 728
571 2117
572 573
572 574
572 418
572 575
572 576
573 1029
573 1030
573 1031
573 1032
573 1033
573 1034
573 1035
573 1036
574 1236
574 1237
574 1238
574 1239
574 1240
574 1241
574 716
576 2115
576 2137
577 578
579 580
579 581
579 190
579 474
582 583
584 585
584 586
584 587
584 588
584 589
590 591
590 592
590 593
590 407
591 2116
594 595
597 1184
598 2526
599 600
599 601
599 602
599 603
599 604
599 605
600 1030
600 1160
600 1161
600 1162
601 919
602 2409
606 607
608 609
608 610
609 2060
609 887
615 616
616 2280
616 164
616 1958
616 928
616 2281
616 277
617 618
618 2573
618 2574
618 2575
619 620
620 1676
621 622
622 2473
622 2502
623 370
624 370
625 626
626 681
626 682
626 683
626 684
626 685
626 686
626 687
626 688
626 689
626 690
627 302
627 700
627 708
627 709
627 710
627 711
627 712
627 713
627 423
627 714
630 631
632 427
633 634
633 635
633 636
633 637
633 638
633 639
633 538
633 127
634 168
635 685
636 2163
638 783
639 783
639 583
641 178
642 168
647 444
648 956
656 142
657 658
657 659
660 661
660 662
660 663
661 958
661 513
661 1120
661 1121
661 1122
662 2010
662 2011
663 153
663 2038
664 665
665 2284
666 444
667 1220
667 1501
667 707
671 672
673 570
673 170
674 675
676 677
677 2326
677 2327
677 2328
677 2329
678 679
678 680
681 479
681 949
681 950
681 951
681 952
682 1603
682 1801
682 1518
683 2067
683 318
683 2068
683 48
684 887
686 59
687 2351
691 372
692 693
693 919
694 157
695 1058
695 450
695 1059
695 1060
695 1061
695 1062
695 1063
696 1317
696 1567
697 1136
697 1771
698 1799
698 136
698 381
698 1800
703 5
704 289
705 532
705 48
706 707
709 406
712 358
712 2269
715 716
716 722
716 2536
716 2337
717 718
718 1098
719 178
720 721
720 478
720 722
721 478
721 1273
721 1957
721 805
723 862
724 725
726 727
726 728
726 268
729 730
729 731
730 943
732 733
733 324
733 2036
733 1762
734 735
737 1818
737 1864
738 739
740 222
741 742
742 2198
743 744
744 1340
744 1032
744 1341
744 1342
745 293
746 150
747 748
747 749
747 750
747 751
747 752
747 753
748 769
748 770
749 861
754 755
755 1339
756 7
757 758
757 759
758 850
758 1097
758 1734
760 761
760 444
761 1638
761 966
762 763
762 178
763 1796
763 1797
763 1708
763 1798
763 728
764 765
765 2583
766 126
767 768
768 1051
769 2062
769 751
769 132
771 772
772 586
772 820
773 774
774 2365
775 776
775 758
775 777
775 75
779 780
779 781
781 2576
781 2577
782 783
784 785
784 292
784 255
785 346
785 804
786 382
788 789
788 790
788 791
788 792
788 152
788 793
789 1419
789 1420
789 753
789 1421
792 2256
792 2257
792 1593
794 640
795 444
796 797
797 286
797 1301
797 471
798 1652
798 1815
798 1152
798 1638
798 783
800 801
802 803
803 2052
803 722
806 807
806 808
806 809
807 1984
810 107
811 812
811 744
812 845
812 622
813 789
814 650
815 816
817 417
818 819
818 820
820 487
821 337
824 1687
824 358
826 1845
826 196
826 1520
830 789
830 831
831 1958
831 852
831 1959
832 696
842 2560
843 563
843 844
844 2160
845 2255
845 604
846 847
846 333
848 3
848 849
848 850
848 697
848 851
848 852
849 1334
849 1082
850 1082
850 378
851 1771
852 2478
853 417
854 855
854 856
857 858
858 1884
858 332
858 2154
859 860
861 2544
861 2545
861 2546
861 752
861 2547
863 864
863 865
863 866
863 867
863 868
863 869
863 870
865 1705
865 1622
865 925
865 1706
865 870
868 722
871 145
872 873
874 205
874 875
875 870
875 295
875 2584
876 877
877 689
878 675
879 450
880 303
881 842
883 272
884 885
884 886
884 887
884 64
885 2102
886 2414
887 2534
887 2535
888 622
888 109
888 889
889 1285
890 485
890 222
890 891
890 892
892 1992
892 889
893 894
894 2224
895 650
895 896
895 897
895 862
895 898
899 427
900 170
901 902
902 1800
902 2460
902 2461
902 2462
903 904
905 142
906 907
907 1295
907 1296
907 1297
908 909
909 1583
909 1584
910 911
911 1997
911 1998
911 1999
911 454
911 2000
912 913
912 914
913 1960
913 1584
913 1402
913 1961
913 1962
914 2294
915 914
916 917
917 998
918 919
919 1670
920 921
920 109
922 761
922 1909
922 593
925 272
926 927
926 928
926 751
926 929
927 831
927 1274
927 1275
927 420
930 448
934 855
935 936
937 938
937 939
937 570
937 170
938 1650
940 180
941 942
941 943
942 851
944 945
945 1907
946 172
946 47
946 847
947 948
948 1404
948 1509
948 873
948 441
953 954
954 693
955 907
957 958
957 959
957 960
957 961
957 962
957 963
957 964
957 965
957 966
959 1218
962 688
963 870
964 1429
966 1429
967 968
967 969
967 970
969 1845
971 7
972 973
972 974
972 975
972 976
972 977
972 571
972 936
973 1312
973 1313
973 1314
973 683
973 1315
973 1316
973 1317
974 77
974 1939
976 1988
976 24
976 2117
977 2031
978 979
978 763
978 980
979 1105
979 1455
979 991
979 945
980 1638
980 1444
981 982
983 984
984 1300
985 986
985 987
986 351
986 2051
986 2026
987 1089
988 989
988 990
988 991
990 2291
990 2292
992 993
992 994
993 1582
995 616
996 997
996 998
996 999
996 1000
996 1001
997 1867
997 637
997 1868
997 583
998 1669
999 1989
1000 1845
1000 255
1001 2337
1002 1003
1002 1004
1005 1006
1006 2297
1006 2298
1007 768
1007 1008
1008 2610
1009 28
1010 1011
1010 61
1010 1012
1011 798
1011 126
1012 2553
1012 1564
1013 898
1014 170
1014 517
1017 1018
1017 728
1019 178
1020 1021
1021 1860
1021 1861
1023 487
1024 1025
1025 490
1026 791
1027 188
1028 415
1029 1098
1030 1581
1032 2387
1032 1341
1033 255
1033 2445
1037 1038
1039 417
1040 444
1041 1042
1041 381
1043 1044
1045 417
1046 444
1046 1047
1048 417
1049 1050
1049 1051
1052 677
1053 427
1054 1055
1055 1429
1056 1030
1056 1057
1057 2339
1057 2340
1057 2341
1057 2342
1060 53
1060 439
1060 54
1060 55
1064 1065
1067 336
1068 923
1072 2514
1072 2489
1073 1074
1075 1076
1077 1078
1078 2395
1078 2396
1078 2397
1078 2398
1078 2399
1078 2400
1078 2401
1079 576
1079 532
1080 1081
1080 1082
1081 1210
1081 1211
1081 1212
1081 504
1081 1213
1083 772
1083 1084
1085 672
1086 1087
1086 1088
1086 1089
1086 881
1086 1090
1086 1091
1086 1092
1087 75
1091 618
1093 1094
1095 7
1096 1097
1096 1098
1097 2514
1098 2604
1098 2605
1099 1100
1100 1387
1101 1102
1103 370
1104 1105
1104 1106
1104 622
1107 1108
1109 24
1110 1111
1110 1112
1110 1113
1110 939
1110 969
1110 526
1110 1114
1110 1115
1110 820
1112 622
1112 1004
1113 1669
1113 1193
1113 1670
1115 509
1115 2078
1115 2079
1116 865
1117 616
1118 997
1118 168
1119 675
1120 622
1121 886
1121 805
1122 943
1123 1124
1124 109
1125 268
1126 486
1126 1127
1127 439
1127 55
1128 911
1129 927
1129 195
1129 1130
1129 1131
1129 870
1130 415
1132 1133
1132 861
1133 1292
1134 1135
1136 1815
1136 1486
1136 1816
1137 974
1138 364
1139 1140
1139 1141
1140 2275
1140 1141
1140 2276
1141 2276
1145 1097
1154 494
1159 417
1160 1044
1162 268
1163 1078
1164 1165
1164 1166
1165 1166
1165 401
1166 1237
1166 1781
1166 1782
1166 1783
1166 1500
1167 1168
1167 1169
1170 1171
1170 268
1171 1372
1171 1320
1171 1373
1171 1374
1171 1122
1172 142
1173 663
1174 1175
1174 146
1176 117
1179 842
1180 5
1181 183
1182 763
1183 1184
1184 2252
1184 970
1184 2253
1185 417
1186 444
1187 1188
1187 1189
1187 1190
1191 977
1192 1193
1194 315
1195 419
1195 520
1195 284
1198 824
1199 1200
1200 10
1201 534
1201 1202
1201 1097
1202 2035
1202 2036
1202 2037
1203 1204
1203 122
1206 979
1206 1207
1208 1209
1210 1257
1211 1519
1214 1215
1214 1021
1216 532
1217 1218
1218 2519
1219 667
1219 1220
1221 492
1222 19
1223 1224
1224 2282
1225 440
1226 322
1226 861
1227 392
1227 1228
1227 1229
1227 809
1230 1231
1232 417
1233 1234
1235 7
1236 1759
1239 2334
1240 1833
1240 2360
1240 2295
1241 722
1242 576
1242 444
1242 861
1243 1244
1244 950
1245 1812
1247 2310
1247 604
1249 1044
1256 1257
1257 1930
1257 98
1257 1931
1257 1932
1257 1933
1257 1934
1257 1935
1257 1936
1257 1937
1258 1257
1260 1261
1262 480
1266 1267
1266 1240
1267 936
1268 1269
1270 1271
1270 178
1272 1273
1273 420
1274 2220
1274 2221
1274 777
1274 2222
1274 472
1276 1084
1276 855
1276 418
1276 378
1277 444
1278 1279
1278 142
1280 1281
1280 965
1282 1240
1283 532
1283 707
1284 1074
1287 1288
1289 7
1290 407
1293 1269
1294 1231
1298 1299
1298 1300
1298 1092
1298 1301
1298 1055
1298 1302
1299 588
1303 444
1304 1305
1305 338
1305 886
1305 2033
1305 190
1306 1307
1307 852
1308 142
1309 298
1310 1311
1312 1631
1312 886
1312 1658
1312 898
1313 196
1313 1818
1313 1819
1318 1319
1319 892
1319 1696
1320 2169
1320 1952
1321 1322
1322 1947
1322 1755
1322 1948
1322 1949
1322 1950
1322 730
1322 1951
1322 1952
1322 1953
1323 1324
1323 763
1323 1325
1323 1097
1323 1326
1324 1404
1324 1510
1324 1511
1324 588
1324 875
1324 873
1325 2101
1328 683
1328 1329
1330 427
1331 1332
1332 440
1332 130
1333 7
1334 480
1334 943
1335 563
1336 1337
1337 1855
1337 1654
1337 190
1337 1162
1338 1339
1339 731
1340 1149
1340 1969
1340 1970
1343 532
1344 24
1345 1121
1346 178
1348 61
1349 487
1351 1352
1351 1353
1351 1062
1351 1341
1351 919
1351 1063
1352 2097
1352 835
1352 2098
1352 2099
1354 1171
1354 1355
1354 1356
1354 604
1354 1357
1354 731
1357 731
1358 1078
1359 145
1359 1072
1359 943
1360 1274
1361 1362
1362 991
1363 1364
1365 1366
1365 755
1365 751
1366 1862
1366 1833
1366 1863
1366 1864
1367 146
1367 1368
1369 1370
1369 126
1369 508
1369 791
1369 1031
1369 1371
1370 1484
1372 1320
1374 2374
1374 1514
1375 1376
1375 361
1377 1398
1379 61
1382 578
1383 722
1384 117
1385 1386
1387 665
1388 659
1389 1390
1389 1108
1390 1588
1390 1589
1390 1590
1390 1063
1390 1591
1391 1392
1391 1393
1392 604
1394 1395
1395 2287
1395 2288
1396 721
1396 289
1397 1133
1397 1292
1399 913
1400 804
1401 2066
1410 1411
1411 1965
1411 1966
1412 1413
1412 1414
1415 576
1416 1417
1416 448
1416 1418
1417 2225
1418 2139
1420 869
1420 768
1422 1423
1425 51
1426 1427
1427 1822
1427 1823
1427 689
1428 1429
1430 351
1431 1432
1433 1434
1434 1190
1434 2505
1435 132
1435 929
1436 427
1437 1891
1437 532
1438 1439
1438 126
1439 1440
1439 218
1439 446
1439 1441
1439 929
1440 2107
1442 336
1443 1444
1444 816
1445 1299
1446 1447
1446 1448
1447 54
1449 634
1449 696
1449 523
1449 1450
1449 1451
1449 237
1449 198
1450 552
1450 1883
1450 783
1450 333
1451 842
1451 2216
1452 417
1453 570
1454 1455
1456 929
1457 592
1458 184
1458 1459
1459 675
1460 1461
1460 636
1460 639
1460 1462
1461 494
1461 1332
1462 2578
1463 1464
1464 2072
1465 399
1466 1467
1466 1468
1467 2003
1467 2004
1467 1098
1469 1470
1470 1856
1470 1857
1470 1858
1471 570
1471 170
1471 517
1472 61
1473 2073
1475 1108
1476 159
1477 1082
1478 138
1478 675
1479 138
1479 1480
1480 768
1481 372
1482 100
1482 1483
1485 578
1486 2073
1486 2200
1488 1480
1489 780
1490 190
1491 1492
1492 2189
1492 2190
1493 444
1494 532
1495 1496
1495 933
1496 2358
1497 366
1498 145
1499 1500
1500 1301
1500 1754
1502 57
1502 768
1503 7
1504 1274
1505 1244
1505 517
1506 1507
1506 393
1506 881
1507 1322
1507 842
1508 117
1510 889
1510 604
1510 731
1511 1074
1512 24
1513 1514
1515 1392
1515 378
1516 960
1516 1517
1516 1518
1516 1519
1516 1520
1518 1787
1518 622
1521 665
1522 142
1524 1619
1525 524
1526 1812
1530 61
1531 59
1532 1533
1534 622
1534 1448
1535 1340
1535 1536
1537 1538
1537 1539
1537 1120
1537 361
1538 1646
1538 1647
1538 639
1538 1520
1540 1340
1544 7
1545 1546
1547 1257
1548 372
1549 1098
1550 361
1551 1312
1551 1514
1552 716
1553 1554
1554 7
1555 613
1555 89
1555 1556
1555 894
1555 1557
1555 1558
1555 1559
1555 1560
1557 2355
1557 589
1559 945
1561 1562
1563 1564
1564 2591
1565 622
1566 372
1568 1569
1569 2129
1569 1274
1569 2130
1569 2131
1570 1571
1570 1572
1570 1483
1573 1574
1573 430
1574 1601
1575 1576
1577 1368
1578 758
1578 1579
1580 928
1585 1286
1587 2075
1587 886
1588 80
1589 2115
1590 2320
1592 1593
1593 2160
1594 1286
1595 178
1596 218
1597 1598
1599 178
1600 578
1602 1603
1603 129
1603 1888
1604 1605
1604 1606
1604 861
1604 255
1605 2217
1606 2505
1607 1608
1607 882
1608 146
1612 1650
1615 1616
1616 47
1616 1582
1620 178
1621 1622
1621 1623
1621 1224
1624 178
1625 61
1626 492
1627 1609
1627 1398
1628 406
1629 576
1630 1631
1631 1774
1631 1775
1632 1273
1633 117
1634 1108
1635 868
1635 1636
1637 1638
1641 1193
1642 1033
1643 142
1644 1645
1644 197
1646 2254
1646 2144
1646 1667
1646 1418
1648 142
1649 260
1651 1652
1652 1829
1653 1654
1655 1656
1655 614
1657 417
1659 1660
1660 2295
1661 1662
1663 7
1664 593
1666 1667
1668 146
1669 2105
1671 1184
1672 1673
1672 1674
1673 2014
1673 851
1673 255
1673 2015
1674 889
1674 2509
1674 130
1675 142
1676 2090
1677 1078
1678 1679
1680 1340
1681 1682
1683 1684
1685 129
1686 159
1688 355
1689 188
1689 318
1690 2508
1694 7
1695 1135
1696 765
1697 1698
1699 188
1700 1423
1700 1701
1702 1189
1703 1492
1704 591
1705 1133
1705 1983
1707 1708
1707 1709
1708 284
1709 1483
1710 1711
1710 1712
1710 1713
1711 1723
1712 1885
1713 2195
1714 1715
1714 218
1715 2118
1715 1178
1716 255
1716 1418
1717 61
1717 1718
1719 1720
1720 1807
1720 420
1721 1257
1722 24
1724 1108
1725 1726
1725 146
1726 2026
1726 2027
1727 1057
1728 622
1729 791
1730 1366
1731 1732
1731 136
1732 1546
1732 1712
1732 315
1732 923
1732 1350
1732 1749
1732 1750
1733 675
1735 1736
1735 655
1736 914
1737 1738
1738 1936
1738 64
1739 576
1740 377
1741 7
1742 576
1743 10
1744 1745
1744 1746
1744 1747
1748 1746
1751 1752
1752 295
1753 1652
1753 1754
1755 618
1757 737
1758 1098
1760 1761
1760 80
1760 1762
1763 1184
1763 707
1764 1652
1764 1765
1766 1195
1766 295
1767 1768
1768 1650
1768 2160
1769 1546
1769 1770
1772 61
1773 444
1774 1195
1776 763
1776 698
1776 1777
1776 693
1778 1606
1779 1780
1779 581
1779 851
1779 1606
1781 1954
1783 618
1784 1006
1784 1785
1786 1787
1788 1754
1790 117
1791 1646
1791 618
1792 357
1793 142
1794 1795
1796 448
1797 840
1801 1211
1801 1244
1801 875
1802 1803
1802 444
1804 1078
1805 778
1806 616
1808 336
1809 356
1810 214
1810 1787
1810 943
1811 142
1813 1814
1815 1795
1815 1448
1817 1432
1820 7
1821 1500
1822 508
1823 1907
1824 427
1825 117
1826 1441
1827 7
1827 578
1828 520
1830 1831
1833 1983
1834 1133
1834 1983
1836 364
1837 1838
1837 59
1837 268
1838 2044
1839 1008
1840 1841
1842 1468
1843 1340
1844 178
1846 1847
1846 1848
1849 361
1850 887
1851 272
1852 1853
1854 913
1859 289
1861 61
1862 77
1862 2219
1862 2209
1865 943
1866 168
1866 1432
1869 677
1870 448
1871 7
1872 479
1873 1874
1873 61
1873 1055
1874 61
1874 47
1874 441
1875 492
1878 1546
1879 1880
1881 532
1882 645
1883 7
1884 2218
1885 503
1885 359
1886 427
1887 7
1889 1890
1890 2049
1892 1893
1892 1894
1892 1895
1892 1896
1897 1898
1899 1108
1900 861
1901 372
1902 1903
1904 929
1905 1855
1906 1907
1907 1484
1907 2599
1908 1909
1908 902
1909 2394
1910 1911
1910 1120
1912 146
1913 1914
1913 1915
1916 1917
1917 68
1917 1292
1918 1919
1919 2501
1920 1352
1920 532
1921 675
1922 1885
1923 1006
1924 1925
1927 427
1928 991
1929 117
1931 2201
1938 178
1940 427
1941 1942
1943 68
1944 322
1945 143
1946 578
1948 677
1955 781
1956 417
1957 2580
1963 1964
1964 346
1964 2388
1965 1239
1966 1429
1967 75
1968 604
1968 1448
1971 1496
1972 1567
1973 1974
1975 1848
1983 2473
1985 1398
1985 1986
1987 142
1987 1988
1988 571
1988 751
1988 2136
1988 2137
1989 1528
1990 1008
1991 733
1993 616
1994 675
1995 117
1996 991
1997 2031
2001 1907
2002 364
2003 328
2005 2003
2007 1078
2008 492
2009 1569
2012 2013
2014 2120
2014 777
2014 1448
2016 675
2017 322
2018 2019
2020 289
2021 1108
2022 1564
2023 1241
2024 2025
2024 1057
2025 1339
2028 444
2029 578
2030 1032
2030 1341
2031 1818
2031 2463
2032 7
2033 1074
2034 117
2035 243
2036 774
2036 1286
2051 2286
2054 1078
2055 289
2056 68
2056 231
2057 1486
2057 2058
2057 124
2057 1734
2057 64
2059 336
2061 2062
2063 168
2064 2065
2067 842
2067 48
2069 1108
2070 24
2071 7
2073 1190
2074 280
2076 427
2077 494
2080 7
2081 2381
2082 1074
2083 7
2084 842
2085 196
2086 7
2087 372
2088 1579
2089 2051
2089 2026
2091 2092
2091 1855
2091 57
2091 1674
2091 2093
2092 2212
2093 1418
2094 1188
2095 2096
2097 448
2097 510
2099 622
2100 444
2103 1374
2104 1032
2106 532
2108 1903
2108 2060
2108 1819
2109 399
2110 751
2111 289
2112 889
2113 1392
2114 7
2116 622
2117 716
2119 2120
2119 2003
2119 2004
2119 1169
2120 2003
2120 2248
2120 130
2121 255
2122 336
2123 622
2124 289
2125 2126
2126 1418
2127 2128
2132 1032
2133 376
2134 1240
2135 444
2138 852
2138 2139
2138 1448
2140 1239
2141 2142
2143 653
2143 2144
2144 1055
2145 858
2146 2147
2148 1500
2149 2150
2153 1468
2156 492
2157 336
2158 737
2158 622
2159 886
2159 839
2159 2160
2161 2162
2163 2373
2163 2139
2164 693
2164 2165
2166 492
2167 10
2168 143
2170 1288
2174 2175
2176 1919
2177 2178
2177 2179
2180 2181
2182 2369
2183 2031
2183 543
2184 1078
2185 152
2187 675
2188 381
2188 284
2191 117
2192 2193
2194 2181
2196 401
2197 1421
2199 2200
2202 816
2203 405
2203 1082
2203 1004
2204 2205
2206 1738
2207 2169
2207 1952
2207 1448
2208 2209
2210 2211
2210 653
2212 1783
2212 2363
2212 318
2213 2200
2214 618
2215 737
2215 1795
2216 618
2218 2318
2218 520
2220 675
2223 1841
2225 2344
2231 2232
2231 2233
2234 196
2235 129
2236 117
2239 2505
2243 295
2243 2244
2245 2246
2247 2248
2249 1738
2250 129
2251 61
2258 178
2260 1423
2261 336
2262 7
2263 2264
2264 378
2265 117
2266 295
2266 1520
2267 2268
2268 2335
2268 2336
2268 1063
2269 1448
2270 190
2271 122
2272 2273
2273 2537
2273 805
2274 2102
2275 1141
2275 2276
2276 2497
2276 2498
2277 264
2277 2278
2277 588
2279 7
2283 1133
2285 2150
2287 1520
2290 494
2293 7
2296 1133
2296 887
2304 117
2305 7
2306 2026
2307 2308
2308 2225
2309 1785
2311 362
2312 68
2313 117
2314 2315
2316 7
2317 1012
2323 1122
2324 943
2325 417
2330 2331
2332 2333
2338 241
2338 178
2343 146
2343 2344
2345 117
2345 593
2346 532
2347 2276
2348 190
2349 1218
2350 1468
2352 2353
2354 117
2356 2357
2359 268
2361 494
2362 444
2364 2276
2366 520
2367 328
2367 2368
2370 336
2371 1709
2372 1121
2375 1319
2376 731
2377 68
2378 532
2379 146
2380 427
2382 851
2382 109
2383 1432
2384 618
2385 2386
2389 444
2390 1078
2391 2392
2393 1288
2402 1567
2403 7
2404 444
2405 268
2406 427
2407 2408
2408 109
2408 1371
2410 2394
2410 378
2410 199
2410 1841
2411 604
2412 2413
2415 117
2416 7
2417 417
2418 1468
2419 401
2419 716
2420 444
2421 532
2421 707
2422 268
2423 731
2424 427
2425 793
2426 543
2430 1332
2431 2432
2433 887
2434 870
2436 604
2446 1500
2447 417
2448 576
2449 132
2450 47
2450 494
2450 1332
2451 1108
2452 781
2453 887
2454 1098
2455 2456
2457 417
2464 1559
2464 781
2466 7
2467 238
2468 2469
2470 543
2471 887
2472 1241
2474 2475
2474 2209
2476 576
2477 146
2478 1692
2479 364
2480 2481
2480 576
2480 1841
2483 2484
2486 842
2486 943
2487 2488
2487 768
2487 2489
2490 127
2491 7
2492 1529
2493 2494
2495 2496
2495 284
2496 2118
2498 2571
2498 2572
2499 889
2500 401
2503 675
2504 427
2506 2507
2507 2581
2512 2513
2515 2162
2517 2518
2520 2513
2523 1483
2525 7
2527 2528
2529 2178
2530 2531
2530 1841
2531 1841
2532 484
2545 2209
2548 2439
2549 427
2550 539
2552 991
2555 675
2556 1795
2558 427
2559 1959
2561 7
2562 378
2563 2564
2565 2253
2566 1795
2570 781
2573 2462
2578 2409
2578 199
2579 765
2579 2193
2582 417
2585 1746
2586 1432
2587 427
2588 178
2589 59
2590 644
2592 603
2593 1341
2594 2595
2597 1108
2598 1108
2600 75
2602 1448
2603 1055
2606 75
2607 427
2608 2102
2611 1108
2612 2613
2614 127
2615 707
